# Ising model in 2dimensions at kT = 2
#  time     energy  
      0     -912.000
      1    -1560.000
      2    -1796.000
      3    -2064.000
      4    -2160.000
      5    -2168.000
      6    -2272.000
      7    -2320.000
      8    -2356.000
      9    -2284.000
     10    -2312.000
     11    -2228.000
     12    -2244.000
     13    -2348.000
     14    -2236.000
     15    -2400.000
     16    -2344.000
     17    -2372.000
     18    -2360.000
     19    -2324.000
     20    -2440.000
     21    -2328.000
     22    -2380.000
     23    -2364.000
     24    -2420.000
     25    -2312.000
     26    -2304.000
     27    -2376.000
     28    -2412.000
     29    -2400.000
     30    -2404.000
     31    -2488.000
     32    -2340.000
     33    -2296.000
     34    -2356.000
     35    -2396.000
     36    -2432.000
     37    -2380.000
     38    -2408.000
     39    -2460.000
     40    -2448.000
     41    -2488.000
     42    -2312.000
     43    -2408.000
     44    -2348.000
     45    -2440.000
     46    -2508.000
     47    -2508.000
     48    -2460.000
     49    -2548.000
     50    -2580.000
     51    -2568.000
     52    -2596.000
     53    -2700.000
     54    -2616.000
     55    -2580.000
     56    -2604.000
     57    -2576.000
     58    -2584.000
     59    -2580.000
     60    -2584.000
     61    -2568.000
     62    -2580.000
     63    -2608.000
     64    -2544.000
     65    -2632.000
     66    -2484.000
     67    -2648.000
     68    -2748.000
     69    -2644.000
     70    -2600.000
     71    -2604.000
     72    -2488.000
     73    -2488.000
     74    -2464.000
     75    -2532.000
     76    -2596.000
     77    -2532.000
     78    -2532.000
     79    -2576.000
     80    -2508.000
     81    -2560.000
     82    -2492.000
     83    -2484.000
     84    -2524.000
     85    -2476.000
     86    -2460.000
     87    -2556.000
     88    -2560.000
     89    -2568.000
     90    -2480.000
     91    -2560.000
     92    -2540.000
     93    -2592.000
     94    -2600.000
     95    -2592.000
     96    -2564.000
     97    -2556.000
     98    -2632.000
     99    -2616.000
    100    -2596.000
    110    -2416.000
    120    -2540.000
    130    -2412.000
    140    -2496.000
    150    -2676.000
    160    -2492.000
    170    -2408.000
    180    -2552.000
    190    -2660.000
    200    -2504.000
    210    -2508.000
    220    -2568.000
    230    -2636.000
    240    -2656.000
    250    -2692.000
    260    -2884.000
    270    -2724.000
    280    -2716.000
    290    -2792.000
    300    -2840.000
    310    -2776.000
    320    -2700.000
    330    -2760.000
    340    -2700.000
    350    -2756.000
    360    -2708.000
    370    -2832.000
    380    -2748.000
    390    -2744.000
    400    -2812.000
    410    -2916.000
    420    -2732.000
    430    -2796.000
    440    -2700.000
    450    -2744.000
    460    -2892.000
    470    -2920.000
    480    -2696.000
    490    -2840.000
    500    -2880.000
    510    -2776.000
    520    -2800.000
    530    -2572.000
    540    -2732.000
    550    -2720.000
    560    -2732.000
    570    -2928.000
    580    -2756.000
    590    -2792.000
    600    -2872.000
    610    -2736.000
    620    -2836.000
    630    -2756.000
    640    -2796.000
    650    -2788.000
    660    -2796.000
    670    -2808.000
    680    -2808.000
    690    -2816.000
    700    -2748.000
    710    -2728.000
    720    -2772.000
    730    -2864.000
    740    -2848.000
    750    -2860.000
    760    -2892.000
    770    -2696.000
    780    -2888.000
    790    -2840.000
    800    -2792.000
    810    -2724.000
    820    -2844.000
    830    -2820.000
    840    -2788.000
    850    -2876.000
    860    -2808.000
    870    -2772.000
    880    -2728.000
    890    -2728.000
    900    -2764.000
    910    -2864.000
    920    -2636.000
    930    -2792.000
    940    -2876.000
    950    -2820.000
    960    -2952.000
    970    -2720.000
    980    -2744.000
    990    -2792.000
   1000    -2844.000
   1010    -2668.000
   1020    -2780.000
   1030    -2700.000
   1040    -2760.000
   1050    -2776.000
   1060    -2840.000
   1070    -2884.000
   1080    -2768.000
   1090    -2676.000
   1100    -2716.000
   1110    -2788.000
   1120    -2808.000
   1130    -2712.000
   1140    -2944.000
   1150    -2832.000
   1160    -2844.000
   1170    -2860.000
   1180    -2744.000
   1190    -2840.000
   1200    -2752.000
   1210    -2752.000
   1220    -2796.000
   1230    -2884.000
   1240    -2784.000
   1250    -2776.000
   1260    -2724.000
   1270    -2736.000
   1280    -2792.000
   1290    -2732.000
   1300    -2744.000
   1310    -2884.000
   1320    -2804.000
   1330    -2748.000
   1340    -2760.000
   1350    -2972.000
   1360    -2824.000
   1370    -2832.000
   1380    -2808.000
   1390    -2920.000
   1400    -2756.000
   1410    -2752.000
   1420    -2900.000
   1430    -2656.000
   1440    -2788.000
   1450    -2732.000
   1460    -2792.000
   1470    -2840.000
   1480    -2772.000
   1490    -2712.000
   1500    -2640.000
   1510    -2852.000
   1520    -2676.000
   1530    -2812.000
   1540    -2688.000
   1550    -2732.000
   1560    -2804.000
   1570    -2736.000
   1580    -2736.000
   1590    -2760.000
   1600    -2856.000
   1610    -2840.000
   1620    -2772.000
   1630    -2864.000
   1640    -2672.000
   1650    -2816.000
   1660    -2816.000
   1670    -2952.000
   1680    -2760.000
   1690    -2824.000
   1700    -2864.000
   1710    -2864.000
   1720    -2792.000
   1730    -2620.000
   1740    -2772.000
   1750    -2712.000
   1760    -2700.000
   1770    -2820.000
   1780    -2752.000
   1790    -2916.000
   1800    -2684.000
   1810    -2680.000
   1820    -2816.000
   1830    -2780.000
   1840    -2864.000
   1850    -2816.000
   1860    -2892.000
   1870    -2780.000
   1880    -2748.000
   1890    -2832.000
   1900    -2796.000
   1910    -2704.000
   1920    -2928.000
   1930    -2804.000
   1940    -2676.000
   1950    -2812.000
   1960    -2824.000
   1970    -2804.000
   1980    -2684.000
   1990    -2824.000
   2000    -2796.000
   2010    -2852.000
   2020    -2832.000
   2030    -2788.000
   2040    -2728.000
   2050    -2848.000
   2060    -2868.000
   2070    -2992.000
   2080    -2876.000
   2090    -2828.000
   2100    -2704.000
   2110    -2828.000
   2120    -2748.000
   2130    -2852.000
   2140    -2816.000
   2150    -2852.000
   2160    -2864.000
   2170    -2788.000
   2180    -2788.000
   2190    -2560.000
   2200    -2844.000
   2210    -2780.000
   2220    -2852.000
   2230    -2708.000
   2240    -2900.000
   2250    -2736.000
   2260    -2780.000
   2270    -2800.000
   2280    -2936.000
   2290    -2884.000
   2300    -2756.000
   2310    -2804.000
   2320    -2804.000
   2330    -2644.000
   2340    -2872.000
   2350    -2928.000
   2360    -2780.000
   2370    -2808.000
   2380    -2844.000
   2390    -2868.000
   2400    -2804.000
   2410    -2836.000
   2420    -2884.000
   2430    -2892.000
   2440    -2800.000
   2450    -2880.000
   2460    -2880.000
   2470    -2792.000
   2480    -2704.000
   2490    -2816.000
   2500    -2704.000
   2510    -2700.000
   2520    -2780.000
   2530    -2788.000
   2540    -2832.000
   2550    -2808.000
   2560    -2788.000
   2570    -2860.000
   2580    -2716.000
   2590    -2644.000
   2600    -2816.000
   2610    -2760.000
   2620    -2824.000
   2630    -2784.000
   2640    -2844.000
   2650    -2688.000
   2660    -2808.000
   2670    -2916.000
   2680    -2772.000
   2690    -2880.000
   2700    -2804.000
   2710    -2716.000
   2720    -2828.000
   2730    -2836.000
   2740    -2704.000
   2750    -2652.000
   2760    -2772.000
   2770    -2784.000
   2780    -2720.000
   2790    -2760.000
   2800    -2788.000
   2810    -2856.000
   2820    -2772.000
   2830    -2920.000
   2840    -2780.000
   2850    -2740.000
   2860    -2812.000
   2870    -2720.000
   2880    -2904.000
   2890    -2744.000
   2900    -2772.000
   2910    -2760.000
   2920    -2748.000
   2930    -2744.000
   2940    -2776.000
   2950    -2876.000
   2960    -2824.000
   2970    -2748.000
   2980    -2748.000
   2990    -2756.000
   3000    -2788.000
   3010    -2756.000
   3020    -2788.000
   3030    -2860.000
   3040    -2928.000
   3050    -2816.000
   3060    -2792.000
   3070    -2748.000
   3080    -2736.000
   3090    -2864.000
   3100    -2748.000
   3110    -2736.000
   3120    -2872.000
   3130    -2776.000
   3140    -2824.000
   3150    -2844.000
   3160    -2780.000
   3170    -2908.000
   3180    -2720.000
   3190    -2680.000
   3200    -2904.000
   3210    -2832.000
   3220    -2832.000
   3230    -2700.000
   3240    -2764.000
   3250    -2816.000
   3260    -2688.000
   3270    -2816.000
   3280    -2692.000
   3290    -2740.000
   3300    -2808.000
   3310    -2784.000
   3320    -2828.000
   3330    -2784.000
   3340    -2864.000
   3350    -2868.000
   3360    -2796.000
   3370    -2852.000
   3380    -2656.000
   3390    -2672.000
   3400    -2752.000
   3410    -2600.000
   3420    -2732.000
   3430    -2680.000
   3440    -2784.000
   3450    -2852.000
   3460    -2840.000
   3470    -2748.000
   3480    -2800.000
   3490    -2696.000
   3500    -2760.000
   3510    -2920.000
   3520    -2680.000
   3530    -2824.000
   3540    -2812.000
   3550    -2764.000
   3560    -2756.000
   3570    -2972.000
   3580    -2680.000
   3590    -2892.000
   3600    -2868.000
   3610    -2744.000
   3620    -2812.000
   3630    -2756.000
   3640    -2832.000
   3650    -2764.000
   3660    -2772.000
   3670    -2820.000
   3680    -2832.000
   3690    -2736.000
   3700    -2720.000
   3710    -2688.000
   3720    -2764.000
   3730    -2820.000
   3740    -2840.000
   3750    -2792.000
   3760    -2872.000
   3770    -2736.000
   3780    -2784.000
   3790    -2740.000
   3800    -2824.000
   3810    -2824.000
   3820    -2884.000
   3830    -2784.000
   3840    -2776.000
   3850    -2748.000
   3860    -2760.000
   3870    -2844.000
   3880    -2772.000
   3890    -2852.000
   3900    -2748.000
   3910    -2740.000
   3920    -2756.000
   3930    -2852.000
   3940    -2792.000
   3950    -2804.000
   3960    -2868.000
   3970    -2780.000
   3980    -2808.000
   3990    -2816.000
   4000    -2696.000
   4010    -2720.000
   4020    -2772.000
   4030    -2760.000
   4040    -2680.000
   4050    -2804.000
   4060    -2696.000
   4070    -2776.000
   4080    -2860.000
   4090    -2788.000
   4100    -2840.000
   4110    -2756.000
   4120    -2724.000
   4130    -2768.000
   4140    -2792.000
   4150    -2752.000
   4160    -2772.000
   4170    -2724.000
   4180    -2640.000
   4190    -2728.000
   4200    -2696.000
   4210    -2824.000
   4220    -2816.000
   4230    -2732.000
   4240    -2852.000
   4250    -2848.000
   4260    -2764.000
   4270    -2796.000
   4280    -2856.000
   4290    -2776.000
   4300    -2756.000
   4310    -2676.000
   4320    -2880.000
   4330    -2796.000
   4340    -2628.000
   4350    -2892.000
   4360    -2916.000
   4370    -2668.000
   4380    -2908.000
   4390    -2800.000
   4400    -2820.000
   4410    -2844.000
   4420    -2808.000
   4430    -2768.000
   4440    -2796.000
   4450    -2804.000
   4460    -2804.000
   4470    -2756.000
   4480    -2812.000
   4490    -2788.000
   4500    -2668.000
   4510    -2620.000
   4520    -2780.000
   4530    -2804.000
   4540    -2840.000
   4550    -2844.000
   4560    -2816.000
   4570    -2672.000
   4580    -2744.000
   4590    -2788.000
   4600    -2852.000
   4610    -2876.000
   4620    -2792.000
   4630    -2788.000
   4640    -2880.000
   4650    -2844.000
   4660    -2828.000
   4670    -2856.000
   4680    -2836.000
   4690    -2856.000
   4700    -2728.000
   4710    -2824.000
   4720    -2712.000
   4730    -2760.000
   4740    -2772.000
   4750    -2928.000
   4760    -2836.000
   4770    -2804.000
   4780    -2864.000
   4790    -2796.000
   4800    -2844.000
   4810    -2772.000
   4820    -2856.000
   4830    -2740.000
   4840    -2612.000
   4850    -2788.000
   4860    -2724.000
   4870    -2772.000
   4880    -2776.000
   4890    -2704.000
   4900    -2780.000
   4910    -2764.000
   4920    -2700.000
   4930    -2612.000
   4940    -2864.000
   4950    -2800.000
   4960    -2816.000
   4970    -2816.000
   4980    -2868.000
   4990    -2824.000
   5000    -2736.000
   5010    -2804.000
   5020    -2640.000
   5030    -2772.000
   5040    -2772.000
   5050    -2676.000
   5060    -2760.000
   5070    -2820.000
   5080    -2712.000
   5090    -2776.000
   5100    -2760.000
   5110    -2692.000
   5120    -2904.000
   5130    -2720.000
   5140    -2704.000
   5150    -2712.000
   5160    -2736.000
   5170    -2756.000
   5180    -2764.000
   5190    -2784.000
   5200    -2788.000
   5210    -2912.000
   5220    -2748.000
   5230    -2776.000
   5240    -2764.000
   5250    -2772.000
   5260    -2808.000
   5270    -2788.000
   5280    -2700.000
   5290    -2844.000
   5300    -2900.000
   5310    -2816.000
   5320    -2800.000
   5330    -2768.000
   5340    -2832.000
   5350    -2736.000
   5360    -2780.000
   5370    -2800.000
   5380    -2872.000
   5390    -2740.000
   5400    -2740.000
   5410    -2680.000
   5420    -2872.000
   5430    -2788.000
   5440    -2780.000
   5450    -2820.000
   5460    -2872.000
   5470    -2772.000
   5480    -2760.000
   5490    -2780.000
   5500    -2848.000
   5510    -2788.000
   5520    -2856.000
   5530    -2680.000
   5540    -2612.000
   5550    -2740.000
   5560    -2784.000
   5570    -2792.000
   5580    -2708.000
   5590    -2808.000
   5600    -2696.000
   5610    -2740.000
   5620    -2764.000
   5630    -2788.000
   5640    -2628.000
   5650    -2804.000
   5660    -2844.000
   5670    -2736.000
   5680    -2860.000
   5690    -2808.000
   5700    -2776.000
   5710    -2856.000
   5720    -2864.000
   5730    -2748.000
   5740    -2804.000
   5750    -2764.000
   5760    -2904.000
   5770    -2884.000
   5780    -2720.000
   5790    -2784.000
   5800    -2720.000
   5810    -2808.000
   5820    -2880.000
   5830    -2740.000
   5840    -2672.000
   5850    -2760.000
   5860    -2872.000
   5870    -2772.000
   5880    -2868.000
   5890    -2768.000
   5900    -2840.000
   5910    -2828.000
   5920    -2776.000
   5930    -2904.000
   5940    -2728.000
   5950    -2864.000
   5960    -2940.000
   5970    -2800.000
   5980    -2768.000
   5990    -2800.000
   6000    -2828.000
   6010    -2832.000
   6020    -2684.000
   6030    -2724.000
   6040    -2788.000
   6050    -2692.000
   6060    -2772.000
   6070    -2792.000
   6080    -2764.000
   6090    -2748.000
   6100    -2716.000
   6110    -2772.000
   6120    -2816.000
   6130    -2720.000
   6140    -2712.000
   6150    -2872.000
   6160    -2856.000
   6170    -2796.000
   6180    -2872.000
   6190    -2904.000
   6200    -2764.000
   6210    -2736.000
   6220    -2800.000
   6230    -2800.000
   6240    -2772.000
   6250    -2728.000
   6260    -2896.000
   6270    -2748.000
   6280    -2636.000
   6290    -2744.000
   6300    -2724.000
   6310    -2812.000
   6320    -2800.000
   6330    -2864.000
   6340    -2928.000
   6350    -2868.000
   6360    -2836.000
   6370    -2828.000
   6380    -2716.000
   6390    -2808.000
   6400    -2840.000
   6410    -2812.000
   6420    -2816.000
   6430    -2772.000
   6440    -2884.000
   6450    -2708.000
   6460    -2604.000
   6470    -2864.000
   6480    -2696.000
   6490    -2804.000
   6500    -2756.000
   6510    -2680.000
   6520    -2708.000
   6530    -2760.000
   6540    -2832.000
   6550    -2716.000
   6560    -2780.000
   6570    -2728.000
   6580    -2868.000
   6590    -2772.000
   6600    -2836.000
   6610    -2752.000
   6620    -2668.000
   6630    -2776.000
   6640    -2804.000
   6650    -2776.000
   6660    -2748.000
   6670    -2692.000
   6680    -2780.000
   6690    -2708.000
   6700    -2820.000
   6710    -2792.000
   6720    -2748.000
   6730    -2908.000
   6740    -2840.000
   6750    -2724.000
   6760    -2668.000
   6770    -2740.000
   6780    -2764.000
   6790    -2764.000
   6800    -2764.000
   6810    -2652.000
   6820    -2656.000
   6830    -2572.000
   6840    -2624.000
   6850    -2588.000
   6860    -2652.000
   6870    -2860.000
   6880    -2828.000
   6890    -2896.000
   6900    -2828.000
   6910    -2772.000
   6920    -2740.000
   6930    -2888.000
   6940    -2748.000
   6950    -2764.000
   6960    -2708.000
   6970    -2744.000
   6980    -2920.000
   6990    -2684.000
   7000    -2760.000
   7010    -2812.000
   7020    -2708.000
   7030    -2792.000
   7040    -2628.000
   7050    -2940.000
   7060    -2792.000
   7070    -2840.000
   7080    -2788.000
   7090    -2776.000
   7100    -2844.000
   7110    -2736.000
   7120    -2760.000
   7130    -2808.000
   7140    -2784.000
   7150    -2900.000
   7160    -2628.000
   7170    -2888.000
   7180    -2788.000
   7190    -2716.000
   7200    -2724.000
   7210    -2752.000
   7220    -2700.000
   7230    -2820.000
   7240    -2824.000
   7250    -2832.000
   7260    -2836.000
   7270    -2752.000
   7280    -2824.000
   7290    -2776.000
   7300    -2844.000
   7310    -2744.000
   7320    -2872.000
   7330    -2820.000
   7340    -2856.000
   7350    -2804.000
   7360    -2832.000
   7370    -2772.000
   7380    -2816.000
   7390    -2772.000
   7400    -2724.000
   7410    -2828.000
   7420    -2824.000
   7430    -2676.000
   7440    -2864.000
   7450    -2812.000
   7460    -2792.000
   7470    -2800.000
   7480    -2884.000
   7490    -2816.000
   7500    -2856.000
   7510    -2708.000
   7520    -2832.000
   7530    -2832.000
   7540    -2680.000
   7550    -2864.000
   7560    -2656.000
   7570    -2772.000
   7580    -2820.000
   7590    -2736.000
   7600    -2704.000
   7610    -2704.000
   7620    -2736.000
   7630    -2788.000
   7640    -2848.000
   7650    -2868.000
   7660    -2640.000
   7670    -2708.000
   7680    -2852.000
   7690    -2872.000
   7700    -2804.000
   7710    -2744.000
   7720    -2692.000
   7730    -2776.000
   7740    -2768.000
   7750    -2828.000
   7760    -2728.000
   7770    -2764.000
   7780    -2800.000
   7790    -2792.000
   7800    -2712.000
   7810    -2832.000
   7820    -2740.000
   7830    -2620.000
   7840    -2792.000
   7850    -2756.000
   7860    -2696.000
   7870    -2820.000
   7880    -2880.000
   7890    -2828.000
   7900    -2724.000
   7910    -2708.000
   7920    -2700.000
   7930    -2812.000
   7940    -2728.000
   7950    -2788.000
   7960    -2648.000
   7970    -2776.000
   7980    -2788.000
   7990    -2788.000
   8000    -2832.000
   8010    -2808.000
   8020    -2800.000
   8030    -2804.000
   8040    -2708.000
   8050    -2780.000
   8060    -2728.000
   8070    -2840.000
   8080    -2740.000
   8090    -2816.000
   8100    -2784.000
   8110    -2640.000
   8120    -2748.000
   8130    -2692.000
   8140    -2668.000
   8150    -2804.000
   8160    -2948.000
   8170    -2808.000
   8180    -2820.000
   8190    -2824.000
   8200    -2880.000
   8210    -2752.000
   8220    -2752.000
   8230    -2740.000
   8240    -2724.000
   8250    -2848.000
   8260    -2804.000
   8270    -2840.000
   8280    -2792.000
   8290    -2932.000
   8300    -2828.000
   8310    -2792.000
   8320    -2728.000
   8330    -2784.000
   8340    -2848.000
   8350    -2700.000
   8360    -2872.000
   8370    -2688.000
   8380    -2632.000
   8390    -2788.000
   8400    -2672.000
   8410    -2804.000
   8420    -2840.000
   8430    -2832.000
   8440    -2748.000
   8450    -2872.000
   8460    -2924.000
   8470    -2700.000
   8480    -2748.000
   8490    -2852.000
   8500    -2808.000
   8510    -2864.000
   8520    -2716.000
   8530    -2796.000
   8540    -2820.000
   8550    -2756.000
   8560    -2796.000
   8570    -2880.000
   8580    -2836.000
   8590    -2812.000
   8600    -2724.000
   8610    -2800.000
   8620    -2732.000
   8630    -2672.000
   8640    -2656.000
   8650    -2768.000
   8660    -2880.000
   8670    -2756.000
   8680    -2652.000
   8690    -2876.000
   8700    -2784.000
   8710    -2716.000
   8720    -2812.000
   8730    -2820.000
   8740    -2860.000
   8750    -2756.000
   8760    -2744.000
   8770    -2920.000
   8780    -2800.000
   8790    -2788.000
   8800    -2668.000
   8810    -2844.000
   8820    -2816.000
   8830    -2868.000
   8840    -2828.000
   8850    -2844.000
   8860    -2828.000
   8870    -2760.000
   8880    -2828.000
   8890    -2800.000
   8900    -2784.000
   8910    -2800.000
   8920    -2912.000
   8930    -2708.000
   8940    -2776.000
   8950    -2848.000
   8960    -2900.000
   8970    -2780.000
   8980    -2828.000
   8990    -2788.000
   9000    -2912.000
   9010    -2708.000
   9020    -2744.000
   9030    -2852.000
   9040    -2748.000
   9050    -2788.000
   9060    -2632.000
   9070    -2752.000
   9080    -2740.000
   9090    -2784.000
   9100    -2864.000
   9110    -2704.000
   9120    -2836.000
   9130    -2768.000
   9140    -2688.000
   9150    -2728.000
   9160    -2932.000
   9170    -2880.000
   9180    -2880.000
   9190    -2852.000
   9200    -2684.000
   9210    -2796.000
   9220    -2688.000
   9230    -2868.000
   9240    -2864.000
   9250    -2772.000
   9260    -2884.000
   9270    -2684.000
   9280    -2776.000
   9290    -2856.000
   9300    -2892.000
   9310    -2804.000
   9320    -2924.000
   9330    -2792.000
   9340    -2668.000
   9350    -2876.000
   9360    -2816.000
   9370    -2824.000
   9380    -2912.000
   9390    -2852.000
   9400    -2788.000
   9410    -2856.000
   9420    -2808.000
   9430    -2736.000
   9440    -2768.000
   9450    -2620.000
   9460    -2664.000
   9470    -2816.000
   9480    -2800.000
   9490    -2664.000
   9500    -2732.000
   9510    -2864.000
   9520    -2900.000
   9530    -2788.000
   9540    -2764.000
   9550    -2888.000
   9560    -2812.000
   9570    -2764.000
   9580    -2820.000
   9590    -2736.000
   9600    -2688.000
   9610    -2820.000
   9620    -2768.000
   9630    -2700.000
   9640    -2740.000
   9650    -2804.000
   9660    -2832.000
   9670    -2856.000
   9680    -2800.000
   9690    -2824.000
   9700    -2832.000
   9710    -2840.000
   9720    -2760.000
   9730    -2816.000
   9740    -2712.000
   9750    -2768.000
   9760    -2864.000
   9770    -2692.000
   9780    -2896.000
   9790    -2804.000
   9800    -2712.000
   9810    -2664.000
   9820    -2796.000
   9830    -2772.000
   9840    -2932.000
   9850    -2752.000
   9860    -2752.000
   9870    -2760.000
   9880    -2812.000
   9890    -2912.000
   9900    -2960.000
   9910    -2908.000
   9920    -2856.000
   9930    -2752.000
   9940    -2744.000
   9950    -2880.000
   9960    -2840.000
   9970    -2756.000
   9980    -2880.000
   9990    -2768.000
