#  N   Simpon's     Milne     Qags_GSL
#-----------------------------------------
0.698970004336018857493684208748  -4.666734680945194391199493111344e+00  -6.300865841769955011386628029868e+00  2.312856185683747511916408257093e+00
9.542425094393248707902444039064e-01  -5.868439719048276437263211846584e+00  -8.096495049990481973622991063166e+00  2.312856185683747511916408257093e+00
1.113943352306836720444493948889e+00  -6.572356415958711117752955033211e+00  -9.151070841655936760616896208376e+00  2.312856185683747511916408257093e+00
1.230448921378273885451903879584e+00  -7.071954359856595928590650146361e+00  -9.900011077488450439432199345902e+00  2.312856185683747511916408257093e+00
1.322219294733919303652669441362e+00  -7.459521731452403159323694126215e+00  -1.048114868148778811018928536214e+01  2.312856185683747511916408257093e+00
1.397940008672037714987368417496e+00  -7.776207223771591792171875567874e+00  -1.095606292345489762851684645284e+01  2.312856185683747511916408257093e+00
1.462397997898956081286314656609e+00  -8.043970568707333512747936765663e+00  -1.135764080851526358628689195029e+01  2.312856185683747511916408257093e+00
1.518513939877887519713794972631e+00  -8.275922868992362069207047170494e+00  -1.170551296568934063202505058143e+01  2.312856185683747511916408257093e+00
1.568201724066994984241318888962e+00  -8.480522436925369333948765415698e+00  -1.201250751412594830469515727600e+01  2.312856185683747511916408257093e+00
1.612783856719735453566499927547e+00  -8.663544756449136130527222121600e+00  -1.228704235515106546472452464513e+01  2.312856185683747511916408257093e+00
1.653212513775343728283928612655e+00  -8.829109814783185683495503326412e+00  -1.253528159752316639696800848469e+01  2.312856185683747511916408257093e+00
1.690196080028513625492792016303e+00  -8.980260030597992937373419408686e+00  -1.276195345506561018567026621895e+01  2.312856185683747511916408257093e+00
1.724275869600789157232156867394e+00  -9.119304877122354824336980527733e+00  -1.297291706139693623356379248435e+01  2.312856185683747511916408257093e+00
1.755874855672491463565165759064e+00  -9.248040966596720480197291180957e+00  -1.316099713518779523724333557766e+01  2.312856185683747511916408257093e+00
1.785329835010767141056930995546e+00  -9.367892010954262715927143290173e+00  -1.334208992148196948335225897608e+01  2.312856185683747511916408257093e+00
1.812913356642855466915875695122e+00  -9.480005762675201452793771750294e+00  -1.350987701774907279173021379393e+01  2.312856185683747511916408257093e+00
1.838849090737255220773249675403e+00  -9.585320804509736447585055429954e+00  -1.367620843951559628237646393245e+01  2.312856185683747511916408257093e+00
1.863322860120455892740665149176e+00  -9.684612853735677262534409237560e+00  -1.382597075984892853739438578486e+01  2.312856185683747511916408257093e+00
1.886490725172481841553917547571e+00  -9.778535997055467277050411212258e+00  -1.395604913610964104009326547384e+01  2.312856185683747511916408257093e+00
1.908485018878649741580488807813e+00  -9.867640766690989551079837838188e+00  -1.409263185388164707489977445221e+01  2.312856185683747511916408257093e+00
1.929418925714292853967890550848e+00  -9.952397158336067306549921340775e+00  -1.419908718479593545680472743697e+01  2.312856185683747511916408257093e+00
1.949390006644912798350333105191e+00  -1.003321003567167757353217893979e+01  -1.435744967689118389841951284325e+01  2.312856185683747511916408257093e+00
1.968482948553935019120331162412e+00  -1.011043241911628243201448640320e+01  -1.441296700474101655231606855523e+01  2.312856185683747511916408257093e+00
1.986771734266244759936625996488e+00  -1.018436368670058378427256684517e+01  -1.452494076418494728386576753110e+01  2.312856185683747511916408257093e+00
2.004321373782642634608919252059e+00  -1.025528225544902660715251840884e+01  -1.471399700040499602948784740875e+01  2.312856185683747511916408257093e+00
2.021189299069938272168656112626e+00  -1.032341190939154174088798754383e+01  -1.467620843951559628237646393245e+01  2.312856185683747511916408257093e+00
2.037426497940623804083770664874e+00  -1.038897793608139963339453970548e+01  -1.471399700040499602948784740875e+01  2.312856185683747511916408257093e+00
2.053078443483419945891910174396e+00  -1.045214177518083076279253873508e+01  -1.515332969423525888430503982818e+01  2.312856185683747511916408257093e+00
2.068185861746161702257040815311e+00  -1.051311169650266919006753596477e+01  -1.505641968122720264489089458948e+01  2.312856185683747511916408257093e+00
2.082785370316449835570438153809e+00  -1.057200024937607274466699891491e+01  -1.527826843084355878943370043999e+01  2.312856185683747511916408257093e+00
2.096910013008056239414145238698e+00  -1.062895629366280303429448395036e+01  -1.515332969423525888430503982818e+01  2.312856185683747511916408257093e+00
2.110589710299248800140503590228e+00  -1.068411169381462855199060868472e+01  -1.527826843084355878943370043999e+01  2.312856185683747511916408257093e+00
2.123851640967085785405288334005e+00  -1.073756781584612873814421618590e+01  -1.505641968122720264489089458948e+01  2.312856185683747511916408257093e+00
2.136720567156406680453528679209e+00  -1.078942640234943795007893641014e+01  -1.575538968556322139136227633571e+01  2.312856185683747511916408257093e+00
2.149219112655379682053080614423e+00  -1.083978937183924351472796843154e+01  -1.575538968556322139136227633571e+01  2.312856185683747511916408257093e+00
2.161368002234974827757696402841e+00  -1.088870073597403731469057674985e+01  -1.545435968989924013783365808195e+01  2.312856185683747511916408257093e+00
2.173186268412274024797170568490e+00  -1.093633295944226091478412854485e+01  -1.545435968989924013783365808195e+01  2.312856185683747511916408257093e+00
2.184691430817598867264450746006e+00  -1.098263536710879861857392825186e+01  -1.545435968989924013783365808195e+01  2.312856185683747511916408257093e+00
2.195899652409233571148661212646e+00  -1.102779963414307395908053877065e+01  -1.575538968556322139136227633571e+01  2.312856185683747511916408257093e+00
2.206825876031849542613372250344e+00  -1.107177537165908987049078859854e+01  -1.575538968556322139136227633571e+01  2.312856185683747511916408257093e+00
2.217483944213906266185176718864e+00  -1.111464993511940768655676947674e+01  -1.527826843084355878943370043999e+01  2.312856185683747511916408257093e+00
2.227886704613673440888987897779e+00  -1.115656636181721417244716576533e+01  -1.545435968989924013783365808195e+01  2.312856185683747511916408257093e+00
2.238046103128795483172552849283e+00  -1.119736548782607421514967427356e+01  -1.515332969423525888430503982818e+01  2.312856185683747511916408257093e+00
2.247973266361806388147215329809e+00  -1.123734978009503571172444935655e+01  -inf  2.312856185683747511916408257093e+00
2.257678574869184551232592639280e+00  -1.127639055388986477623802784365e+01  -1.527826843084355878943370043999e+01  2.312856185683747511916408257093e+00
2.267171728403013730712700635195e+00  -1.131454354928866479212956619449e+01  -1.527826843084355878943370043999e+01  2.312856185683747511916408257093e+00
2.276461804173244285465216307784e+00  -1.135192598421790499685357644921e+01  -1.575538968556322139136227633571e+01  2.312856185683747511916408257093e+00
2.285557309007773874043323303340e+00  -1.138849999590984118924552603858e+01  -1.505641968122720264489089458948e+01  2.312856185683747511916408257093e+00
2.294466226161592903309838220594e+00  -1.142424593719164782612551789498e+01  -inf  2.312856185683747511916408257093e+00
2.303196057420489051281720094266e+00  -1.145944892329602282643463695422e+01  -1.505641968122720264489089458948e+01  2.312856185683747511916408257093e+00
2.311753861055754200037881673779e+00  -1.149384134711853278076887363568e+01  -1.527826843084355878943370043999e+01  2.312856185683747511916408257093e+00
2.320146286111053779421808940242e+00  -1.152758008148800605852102307836e+01  -1.575538968556322139136227633571e+01  2.312856185683747511916408257093e+00
2.328379603438737621701193347690e+00  -1.156065339683452641850180953043e+01  -1.515332969423525888430503982818e+01  2.312856185683747511916408257093e+00
2.336459733848529563005058662384e+00  -1.159303441201114281966511043720e+01  -1.515332969423525888430503982818e+01  2.312856185683747511916408257093e+00
2.344392273685110605896397828474e+00  -1.162499158191041992438385932473e+01  -1.527826843084355878943370043999e+01  2.312856185683747511916408257093e+00
2.352182518111362696799915283918e+00  -1.165643462512475281300794449635e+01  -1.527826843084355878943370043999e+01  2.312856185683747511916408257093e+00
2.359835482339887935410160935135e+00  -1.168709248053176885662196582416e+01  -1.545435968989924013783365808195e+01  2.312856185683747511916408257093e+00
2.367355921026018883424058003584e+00  -1.171744553036012348457006737590e+01  -1.545435968989924013783365808195e+01  2.312856185683747511916408257093e+00
2.374748346010103983161343421671e+00  -1.174674693799793701032285753172e+01  -1.515332969423525888430503982818e+01  2.312856185683747511916408257093e+00
2.382017042574868348481231805636e+00  -1.177597790292878698892309330404e+01  -inf  2.312856185683747511916408257093e+00
2.389166084364532594008778687567e+00  -1.180473280305871064399525494082e+01  -inf  2.312856185683747511916408257093e+00
2.396199347095736342794225492980e+00  -1.183318340812420466079402103787e+01  -1.575538968556322139136227633571e+01  2.312856185683747511916408257093e+00
2.403120521175817980719102706644e+00  -1.186090747055313165958523313748e+01  -1.527826843084355878943370043999e+01  2.312856185683747511916408257093e+00
2.409933123331294613223008127534e+00  -1.188821693438457138825015135808e+01  -1.515332969423525888430503982818e+01  2.312856185683747511916408257093e+00
2.416640507338280841054256597999e+00  -1.191528359110646384522169682896e+01  -1.515332969423525888430503982818e+01  2.312856185683747511916408257093e+00
2.423245873936807903703538613627e+00  -1.194167529368207780748889490496e+01  -1.491029164554896446759357786505e+01  2.312856185683747511916408257093e+00
2.429752280002408060255447708187e+00  -1.196764591391675480736012104899e+01  -1.527826843084355878943370043999e+01  2.312856185683747511916408257093e+00
2.436162647040756024097163390252e+00  -1.199353699109683901724565657787e+01  -1.545435968989924013783365808195e+01  2.312856185683747511916408257093e+00
2.442479769064448635873532111873e+00  -1.201907287765911291899101343006e+01  -1.575538968556322139136227633571e+01  2.312856185683747511916408257093e+00
2.448706319905079809018388914410e+00  -1.204349813568264337959590193350e+01  -1.575538968556322139136227633571e+01  2.312856185683747511916408257093e+00
2.454844860008510210036547505297e+00  -1.206857473105590550233046087669e+01  -1.497723843517957753590508218622e+01  2.312856185683747511916408257093e+00
2.460897842756547770903807759169e+00  -1.209263185388164707489977445221e+01  -1.545435968989924013783365808195e+01  2.312856185683747511916408257093e+00
2.466867620354109558178379302262e+00  -1.211640152621954058531628106721e+01  -1.527826843084355878943370043999e+01  2.312856185683747511916408257093e+00
2.472756449317212279481736914022e+00  -1.214049246953008776017668424174e+01  -1.575538968556322139136227633571e+01  2.312856185683747511916408257093e+00
2.478566495593843121980626165168e+00  -1.216376864734990270733305806061e+01  -1.527826843084355878943370043999e+01  2.312856185683747511916408257093e+00
2.484299839346785887528312741779e+00  -1.218695327114633641940599773079e+01  -1.575538968556322139136227633571e+01  2.312856185683747511916408257093e+00
2.489958479424834614235351182288e+00  -1.220798422589573206664681492839e+01  -inf  2.312856185683747511916408257093e+00
2.495544337546448332432191818953e+00  -1.223177326650885099468268890632e+01  -1.515332969423525888430503982818e+01  2.312856185683747511916408257093e+00
2.501059262217751655299480262329e+00  -1.225405650691765657711584935896e+01  -1.575538968556322139136227633571e+01  2.312856185683747511916408257093e+00
2.506505032404871879947449997417e+00  -1.227639055388986477623802784365e+01  -1.545435968989924013783365808195e+01  2.312856185683747511916408257093e+00
2.511883360978874435431862366386e+00  -1.229856833754162259708664350910e+01  -1.527826843084355878943370043999e+01  2.312856185683747511916408257093e+00
2.517195897949974447982413039426e+00  -1.231875005387056098982156981947e+01  -1.575538968556322139136227633571e+01  2.312856185683747511916408257093e+00
2.522444233506319744009260830353e+00  -1.233908209850334003476746147498e+01  -1.497723843517957753590508218622e+01  2.312856185683747511916408257093e+00
2.527629900871338541890054329997e+00  -1.236006329249387114543878851691e+01  -1.515332969423525888430503982818e+01  2.312856185683747511916408257093e+00
2.532754378992497557021579268621e+00  -1.238064133955311874046856246423e+01  -1.515332969423525888430503982818e+01  2.312856185683747511916408257093e+00
2.537819095073273967244631421636e+00  -1.240262849383939069980442582164e+01  -1.497723843517957753590508218622e+01  2.312856185683747511916408257093e+00
2.542825426959179679897715686820e+00  -1.242133824521632945447890961077e+01  -1.505641968122720264489089458948e+01  2.312856185683747511916408257093e+00
2.547774705387822358204630290857e+00  -1.244110102461572431309377861908e+01  -1.545435968989924013783365808195e+01  2.312856185683747511916408257093e+00
2.552668216112193189104573320947e+00  -1.245982258560074207309753546724e+01  -1.527826843084355878943370043999e+01  2.312856185683747511916408257093e+00
2.557507201905657723273179726675e+00  -1.248007833102141006520469090901e+01  -1.505641968122720264489089458948e+01  2.312856185683747511916408257093e+00
2.562292864456474639212046895409e+00  -1.250180939600103968700750556309e+01  -1.515332969423525888430503982818e+01  2.312856185683747511916408257093e+00
2.567026366159060213334441868938e+00  -1.251860058615392823355705331778e+01  -1.575538968556322139136227633571e+01  2.312856185683747511916408257093e+00
2.571708831808687811815161694540e+00  -1.253528159752316639696800848469e+01  -inf  2.312856185683747511916408257093e+00
2.576341350205793023775413530529e+00  -1.255536041900945143368062417721e+01  -1.575538968556322139136227633571e+01  2.312856185683747511916408257093e+00
2.580924975675619403858718214906e+00  -1.257469048426718671862545306794e+01  -1.575538968556322139136227633571e+01  2.312856185683747511916408257093e+00
2.585460729508500588025299293804e+00  -1.259372227312548631061872583814e+01  -1.505641968122720264489089458948e+01  2.312856185683747511916408257093e+00
2.589949601325707728705083354726e+00  -1.261050426727607920440732414136e+01  -1.527826843084355878943370043999e+01  2.312856185683747511916408257093e+00
2.594392550375426598208150608116e+00  -1.262860910855121332474482187536e+01  -1.575538968556322139136227633571e+01  2.312856185683747511916408257093e+00
2.598790506763115182309320516651e+00  -1.264614871697501818914588511689e+01  -1.527826843084355878943370043999e+01  2.312856185683747511916408257093e+00
2.603144372620182167565872077830e+00  -1.266372272796753684076520585222e+01  -1.497723843517957753590508218622e+01  2.312856185683747511916408257093e+00
2.607455023214668710096475479077e+00  -1.267911343015900449415767070604e+01  -inf  2.312856185683747511916408257093e+00
2.611723308007341870506934355944e+00  -1.269848483422674867426849232288e+01  -1.505641968122720264489089458948e+01  2.312856185683747511916408257093e+00
2.615950051656401154076547754812e+00  -1.271557913141487183850131259533e+01  -1.545435968989924013783365808195e+01  2.312856185683747511916408257093e+00
2.620136054973757566699532617349e+00  -1.272967430166188051998688024469e+01  -1.527826843084355878943370043999e+01  2.312856185683747511916408257093e+00
2.624282095835668293659637129167e+00  -1.274935173056590542728372383863e+01  -1.545435968989924013783365808195e+01  2.312856185683747511916408257093e+00
2.628388930050311600439272297081e+00  -1.276683072868460655513445090037e+01  -1.575538968556322139136227633571e+01  2.312856185683747511916408257093e+00
2.632457292184724018113683996489e+00  -1.278226183196352394588757306337e+01  -1.527826843084355878943370043999e+01  2.312856185683747511916408257093e+00
2.636487896353365556478820508346e+00  -1.279682580234125488516383484239e+01  -1.505641968122720264489089458948e+01  2.312856185683747511916408257093e+00
2.640481436970421924570473493077e+00  -1.281288557939514127781421848340e+01  -1.575538968556322139136227633571e+01  2.312856185683747511916408257093e+00
2.644438589467838607305338882725e+00  -1.282597075984892853739438578486e+01  -inf  2.312856185683747511916408257093e+00
2.648360010980931544821714851423e+00  -1.284583365632204632333923655096e+01  -1.527826843084355878943370043999e+01  2.312856185683747511916408257093e+00
2.652246341003323237828226410784e+00  -1.286218293250337474376010504784e+01  -1.545435968989924013783365808195e+01  2.312856185683747511916408257093e+00
2.656098202012831865914677109686e+00  -1.287686789006201593110745307058e+01  -1.515332969423525888430503982818e+01  2.312856185683747511916408257093e+00
2.659916200069850411580318905180e+00  -1.288674524716839542293200793210e+01  -1.575538968556322139136227633571e+01  2.312856185683747511916408257093e+00
2.663700925389647977681306656450e+00  -1.290352008483345613853998656850e+01  -1.545435968989924013783365808195e+01  2.312856185683747511916408257093e+00
2.667452952889953987636317833676e+00  -1.291906556985647114288440207019e+01  -1.545435968989924013783365808195e+01  2.312856185683747511916408257093e+00
2.671172842715083373121842669207e+00  -1.294114208983130254182469798252e+01  -inf  2.312856185683747511916408257093e+00
2.674861140737811560086356621468e+00  -1.295261596027124539887154242024e+01  -1.575538968556322139136227633571e+01  2.312856185683747511916408257093e+00
2.678518379040113917000098808785e+00  -1.296580897339879712149013357703e+01  -1.515332969423525888430503982818e+01  2.312856185683747511916408257093e+00
2.682145076373831926730417762883e+00  -1.298160324058202874653034086805e+01  -1.545435968989924013783365808195e+01  2.312856185683747511916408257093e+00
2.685741738602263506408007742721e+00  -1.299196169200028450063655327540e+01  -1.545435968989924013783365808195e+01  2.312856185683747511916408257093e+00
2.689308859123620276676547291572e+00  -1.301187992083479194604933582013e+01  -1.575538968556322139136227633571e+01  2.312856185683747511916408257093e+00
2.692846919277230188782823461224e+00  -1.302139039902483474975269928109e+01  -1.491029164554896446759357786505e+01  2.312856185683747511916408257093e+00
2.696356388733332387630525772693e+00  -1.304022232771476375035035744077e+01  -1.527826843084355878943370043999e+01  2.312856185683747511916408257093e+00
2.699837725867245907807046023663e+00  -1.305468596841820172471670957748e+01  -inf  2.312856185683747511916408257093e+00
