# omega0=2, alpha=0.20
# theta0=-0.80, theta_dot0=0.12
# t_start=0.10, t_end=100.00, h=0.01
#   t          x(t)                 v(t)       
0.10  -8.000000000000000e-01  1.234000000000000e-01
2.208304866765306e-01 -7.581834693332499e-01 5.644859445311836e-01
3.416609733530609e-01 -6.649995350390960e-01 9.704259813485767e-01
4.624914600295912e-01 -5.258881544747134e-01 1.321242415139741e+00
5.833219467061219e-01 -3.487647557735423e-01 1.596192218536254e+00
7.041524333826528e-01 -1.439731499482274e-01 1.776447311476689e+00
8.249829200591836e-01 7.619589601585437e-02 1.849359710132667e+00
9.458134067357145e-01 2.984997336230794e-01 1.812294040495532e+00
1.066643893412245e+00 5.100584734446518e-01 1.673781593865293e+00
1.187474380088776e+00 6.995939768626036e-01 1.451153925299816e+00
1.308304866765307e+00 8.582240122084664e-01 1.165892026788425e+00
1.429135353441838e+00 9.796721723116828e-01 8.389853566719426e-01
1.549965840118369e+00 1.060011784239961e+00 4.880459775325564e-01
1.670796326794900e+00 1.097196356231597e+00 1.266376693806798e-01
1.791626813471430e+00 1.090620289863619e+00 -2.346792239823377e-01
1.912457300147961e+00 1.040868437937422e+00 -5.864038915560470e-01
2.033287786824492e+00 9.497157281537665e-01 -9.180180128511204e-01
2.154118273501023e+00 8.203514644477827e-01 -1.216453945282328e+00
2.274948760177554e+00 6.577227877718500e-01 -1.465759344030398e+00
2.395779246854084e+00 4.688184340906200e-01 -1.648481220276938e+00
2.516609733530615e+00 2.626759493018375e-01 -1.748797378857722e+00
2.637440220207146e+00 4.994398451134568e-02 -1.756520326205348e+00
2.758270706883677e+00 -1.580087198699674e-01 -1.670283991265046e+00
2.879101193560208e+00 -3.502346817322608e-01 -1.498306547344811e+00
2.999931680236739e+00 -5.172671606978909e-01 -1.256346490956596e+00
3.120762166913269e+00 -6.518145619964832e-01 -9.639852670676577e-01
3.241592653589800e+00 -7.489949922136485e-01 -6.410163713474937e-01
3.362423140266331e+00 -8.062100491224559e-01 -3.052158354901304e-01
3.483253626942862e+00 -8.228515706719113e-01 2.822260557133084e-02
3.604084113619393e+00 -8.000195325775719e-01 3.460520348634867e-01
3.724914600295924e+00 -7.403519528305044e-01 6.358811368971590e-01
3.845745086972455e+00 -6.479779131577801e-01 8.853325722286686e-01
3.966575573648985e+00 -5.285298525992129e-01 1.081969104834104e+00
4.087406060325513e+00 -3.891051306734432e-01 1.214214370333556e+00
4.208236547002040e+00 -2.380629428880514e-01 1.273089520729936e+00
4.329067033678566e+00 -8.459104015298687e-02 1.254156280278906e+00
4.449897520355092e+00 6.193304614614236e-02 1.158841289030836e+00
4.570728007031619e+00 1.926703774504753e-01 9.945361125961084e-01
4.691558493708145e+00 2.999828810245455e-01 7.734559063239898e-01
4.812388980384672e+00 3.779090899222962e-01 5.108179317803484e-01
4.933219467061198e+00 4.224172532593546e-01 2.230940929236721e-01
5.054049953737724e+00 4.314795143523535e-01 -7.315443414724124e-02
5.174880440414251e+00 4.050458320013683e-01 -3.617966826448454e-01
5.295710927090777e+00 3.449801823065741e-01 -6.273063388451383e-01
5.416541413767304e+00 2.549741767029114e-01 -8.550334402159102e-01
5.537371900443830e+00 1.404035528265427e-01 -1.031915570574534e+00
5.658202387120356e+00 8.067780263015864e-03 -1.147678905215436e+00
5.779032873796883e+00 -1.342307857356108e-01 -1.196212548176795e+00
5.899863360473409e+00 -2.782562648141344e-01 -1.176552171362438e+00
6.020693847149936e+00 -4.159769766697826e-01 -1.092967527117481e+00
6.141524333826462e+00 -5.401505917328201e-01 -9.540241430131301e-01
6.262354820502988e+00 -6.447489580883461e-01 -7.709554381311015e-01
6.383185307179515e+00 -7.251743418968507e-01 -5.559411846769285e-01
6.504015793856041e+00 -7.782897905292165e-01 -3.208202459960928e-01
6.624846280532568e+00 -8.023341806753044e-01 -7.648296560769516e-02
6.745676767209094e+00 -7.968034292778755e-01 1.671102513790549e-01
6.866507253885620e+00 -7.623599715993361e-01 4.005297327268050e-01
6.987337740562147e+00 -7.007975705991124e-01 6.144135521747314e-01
7.108168227238673e+00 -6.150504469351290e-01 7.992424822342401e-01
7.228998713915200e+00 -5.092034414826422e-01 9.455748505682793e-01
7.349829200591726e+00 -3.884412942253052e-01 1.044815878344012e+00
7.470659687268252e+00 -2.588782661862857e-01 1.090387679320423e+00
7.591490173944779e+00 -1.272386325553276e-01 1.078957230991040e+00
7.712320660621305e+00 -4.074961388714771e-04 1.011284159147164e+00
7.833151147297832e+00 1.150800828815833e-01 8.923592637019551e-01
7.953981633974358e+00 2.135198991996800e-01 7.307883985368747e-01
8.074812120650890e+00 2.904110133084127e-01 5.376749238270112e-01
8.195642607327425e+00 3.426826869282210e-01 3.253950646697928e-01
8.316473094003960e+00 3.687840903274374e-01 1.065905549086930e-01
8.437303580680496e+00 3.686728706064686e-01 -1.064952255928007e-01
8.558134067357031e+00 3.437414886051597e-01 -3.024072981751844e-01
8.678964554033566e+00 2.967043458328459e-01 -4.707696744405095e-01
8.799795040710102e+00 2.314470994103132e-01 -6.026422563945694e-01
8.920625527386637e+00 1.528246813384782e-01 -6.910137943014609e-01
9.041456014063172e+00 6.639400686749883e-02 -7.313692712686857e-01
9.162286500739707e+00 -2.191839082266564e-02 -7.221675915931074e-01
9.283116987416243e+00 -1.061915983478912e-01 -6.650471034861553e-01
9.403947474092778e+00 -1.808881689354760e-01 -5.646570668841858e-01
9.524777960769313e+00 -2.411900589251863e-01 -4.281496698254588e-01
9.645608447445849e+00 -2.832598414294086e-01 -2.644817002925064e-01
9.766438934122384e+00 -3.044152975800972e-01 -8.370676263254623e-02
9.887269420798919e+00 -3.032246426166556e-01 1.036179960693926e-01
1.000809990747545e+01 -2.795385965574517e-01 2.868890314698390e-01
1.012893039415199e+01 -2.344723185642856e-01 4.558454233853116e-01
1.024976088082852e+01 -1.703392311749538e-01 6.009925224805804e-01
1.037059136750506e+01 -9.052772290229574e-02 7.141291836604027e-01
1.049142185418160e+01 6.917430298698877e-04 7.889608492167658e-01
1.061225234085813e+01 9.843335038202887e-02 8.216824223502198e-01
1.073308282753467e+01 1.975226458003260e-01 8.113592619080169e-01
1.085391331421120e+01 2.928493965051235e-01 7.599617712866575e-01
1.097474380088774e+01 3.797010653918602e-01 6.720147899076481e-01
1.109557428756427e+01 4.540347273588231e-01 5.539542190763160e-01
1.121640477424081e+01 5.126624369431828e-01 4.133709061926510e-01
1.133723526091734e+01 5.533479704299085e-01 2.583266993826338e-01
1.145806574759388e+01 5.748317053069428e-01 9.686078267136544e-02
1.157889623427041e+01 5.768089634745729e-01 -6.329076074885351e-02
1.169972672094695e+01 5.598847542646727e-01 -2.148195346237675e-01
1.182055720762348e+01 5.255179499643898e-01 -3.509129244955765e-01
1.194138769430002e+01 4.759555292112196e-01 -4.653649233525968e-01
1.206221818097655e+01 4.141473504943208e-01 -5.527939751142714e-01
1.218304866765309e+01 3.436274540376269e-01 -6.089750389633216e-01
1.230387915432962e+01 2.683508084993197e-01 -6.312313255113446e-01
1.242470964100616e+01 1.924839929413387e-01 -6.187864935404045e-01
1.254554012768270e+01 1.201612094819893e-01 -5.729701238032864e-01
1.266637061435923e+01 5.522826532889728e-02 -4.972041068058373e-01
1.278720110103577e+01 1.002251532895943e-03 -3.967605356001083e-01
1.290803158771230e+01 -3.992810557698945e-02 -2.783431536201126e-01
1.302886207438884e+01 -6.584508197589305e-02 -1.495770044121326e-01
1.314969256106537e+01 -7.598150168550648e-02 -1.848554058912943e-02
1.327052304774191e+01 -7.053894426678814e-02 1.069969242698096e-01
1.339135353441844e+01 -5.064997863816589e-02 2.194641894326914e-01
1.351218402109498e+01 -1.829003005209090e-02 3.124341650399591e-01
1.363301450777151e+01 2.385619334582829e-02 3.807040902871534e-01
1.375384499444805e+01 7.256802184688541e-02 4.206487457363964e-01
1.387467548112458e+01 1.242930592191676e-01 4.304273214969937e-01
1.399550596780112e+01 1.753689560404901e-01 4.100614490771438e-01
1.411633645447765e+01 2.222456758364252e-01 3.613643849968182e-01
1.423716694115419e+01 2.616906137130009e-01 2.877326887866020e-01
1.435799742783072e+01 2.909622055627945e-01 1.938416905128410e-01
1.447882791450726e+01 3.079437081868430e-01 8.529996567321839e-02
1.459965840118380e+01 3.112352420994998e-01 -3.168974582950371e-02
1.472048888786033e+01 3.002065789036900e-01 -1.506397128374662e-01
1.484131937453687e+01 2.750142900529806e-01 -2.650605854228170e-01
1.496214986121340e+01 2.365851337289093e-01 -3.687412011292673e-01
1.508298034788994e+01 1.865646428596076e-01 -4.560475865987001e-01
1.520381083456647e+01 1.272280336658367e-01 -5.222462622114907e-01
1.532464132124301e+01 6.135160909979379e-02 -5.638284454806747e-01
1.544547180791954e+01 -7.952658418509343e-03 -5.787855306503134e-01
1.556630229459608e+01 -7.742986223160782e-02 -5.667762633123186e-01
1.568713278127261e+01 -1.438861157500315e-01 -5.291400895328635e-01
1.580796326794915e+01 -2.043840545707413e-01 -4.687454900283743e-01
1.592879375462568e+01 -2.564113237267789e-01 -3.897022974959500e-01
1.604962424130221e+01 -2.980089115866357e-01 -2.969956341044505e-01
1.617045472797873e+01 -3.278537807989018e-01 -1.961054339889169e-01
1.629128521465525e+01 -3.452972379155094e-01 -9.266037973998269e-02
1.641211570133176e+01 -3.503648321322932e-01 7.851393190269730e-03
1.653294618800828e+01 -3.437246875806163e-01 1.003175697262363e-01
1.665377667468480e+01 -3.266298316874733e-01 1.802001555026312e-01
1.677460716136132e+01 -3.008378130692520e-01 2.437153098990566e-01
1.689543764803783e+01 -2.685092448285111e-01 2.880024520206422e-01
1.701626813471435e+01 -2.320868432953206e-01 3.112755956813959e-01
1.713709862139087e+01 -1.941582023915314e-01 3.129372620911177e-01
1.725792910806739e+01 -1.573082960541138e-01 2.936306915763782e-01
1.737875959474390e+01 -1.239704105388586e-01 2.552113633934970e-01
1.749959008142042e+01 -9.628578262016671e-02 2.006316037490658e-01
1.762042056809694e+01 -7.598206799937798e-02 1.337468282007182e-01
1.774125105477346e+01 -6.427900307984356e-02 5.906304160970500e-02
1.786208154144997e+01 -6.182691928203098e-02 -1.855044672221081e-02
1.798291202812649e+01 -6.868093020794057e-02 -9.416083249446176e-02
1.810374251480301e+01 -8.431117796031512e-02 -1.630662252732784e-01
1.822457300147953e+01 -1.076475827443673e-01 -2.210700354876321e-01
1.834540348815604e+01 -1.371558331023996e-01 -2.647212518376349e-01
1.846623397483256e+01 -1.709395827687978e-01 -2.915052927495383e-01
1.858706446150908e+01 -2.068619355149156e-01 -2.999700104907012e-01
1.870789494818560e+01 -2.426776178759588e-01 -2.897752375858337e-01
1.882872543486211e+01 -2.761663079749546e-01 -2.616627585079135e-01
1.894955592153863e+01 -3.052578772244783e-01 -2.173547503308818e-01
1.907038640821515e+01 -3.281419074493853e-01 -1.593986729524352e-01
1.919121689489167e+01 -3.433563825475869e-01 -9.098156378811148e-02
1.931204738156818e+01 -3.498531935133571e-01 -1.573503692575960e-02
1.943287786824470e+01 -3.470402792876479e-01 6.245485606141314e-02
1.955370835492122e+01 -3.348013733057060e-01 1.396281082606036e-01
1.967453884159774e+01 -3.134944055428986e-01 2.119244809760487e-01
1.979536932827425e+01 -2.839290197489838e-01 2.757564028105415e-01
1.991619981495077e+01 -2.473230566737004e-01 3.279842546391369e-01
2.003703030162729e+01 -2.052378769604853e-01 3.660898799096369e-01
2.015786078830381e+01 -1.594934477979056e-01 3.883351371087821e-01
2.027869127498032e+01 -1.120661612064200e-01 3.938855459055851e-01
2.039952176165684e+01 -6.497490016428095e-02 3.828779184818760e-01
2.052035224833336e+01 -2.016314000464482e-02 3.564165978342053e-01
2.064118273500988e+01 2.061390115092622e-02 3.164940058894382e-01
2.076201322168640e+01 5.588830041763404e-02 2.658438411632460e-01
2.088284370836291e+01 8.455754566051744e-02 2.077451606916002e-01
2.100367419503943e+01 1.059371452919061e-01 1.457999244678497e-01
2.112450468171595e+01 1.197858418631271e-01 8.370514994807603e-02
2.124533516839247e+01 1.263038055675759e-01 2.503567031676063e-02
2.136616565506898e+01 1.261057529800218e-01 -2.695241163195165e-02
2.148699614174550e+01 1.201718744144326e-01 -6.949173761403753e-02
2.160782662842202e+01 1.097800306641494e-01 -1.004430414822724e-01
2.172865711509854e+01 9.642318082597452e-02 -1.183994624802372e-01
2.184948760177505e+01 8.171657496954601e-02 -1.227507879440884e-01
2.197031808845157e+01 6.729984742244476e-02 -1.137029606371912e-01
2.209114857512809e+01 5.473959968146801e-02 -9.225030987084885e-02
2.221197906180461e+01 4.543816352745924e-02 -6.010153370150381e-02
2.233280954848112e+01 4.055386891669566e-02 -1.956442588233556e-02
2.245364003515764e+01 4.093733163057653e-02 2.660244831716941e-02
2.257447052183416e+01 4.708716052239566e-02 7.536112265684373e-02
2.269530100851068e+01 5.912723497850794e-02 1.235781474210579e-01
2.281613149518719e+01 7.680644133316768e-02 1.682107088740469e-01
2.293696198186371e+01 9.952051611945495e-02 2.064847081996907e-01
2.305779246854023e+01 1.263543967462020e-01 2.360543622270068e-01
2.317862295521675e+01 1.561422089045086e-01 2.551328033195850e-01
2.329945344189326e+01 1.875407868799200e-01 2.625840236641015e-01
2.342028392856978e+01 2.191115924533575e-01 2.579690817378150e-01
2.354111441524630e+01 2.494052918427792e-01 2.415438867478404e-01
2.366194490192282e+01 2.770432520254650e-01 2.142113524107586e-01
2.378277538859933e+01 3.007908780000869e-01 1.774358758028592e-01
2.390360587527585e+01 3.196189035328961e-01 1.331315097175317e-01
2.402443636195237e+01 3.327501978538043e-01 8.353600093956139e-02
2.414526684862889e+01 3.396910392518146e-01 3.108113857324437e-02
2.426609733530540e+01 3.402468767423668e-01 -2.173347668168421e-02
2.438692782198192e+01 3.345232392635094e-01 -7.245971485571200e-02
2.450775830865844e+01 3.229127071098100e-01 -1.188123047235505e-01
2.462858879533496e+01 3.060689045418724e-01 -1.587722274914772e-01
2.474941928201147e+01 2.848685244703297e-01 -1.906810962756427e-01
2.487024976868799e+01 2.603626374190923e-01 -2.133234334435035e-01
2.499108025536451e+01 2.337190472021300e-01 -2.259915595365691e-01
2.511191074204103e+01 2.061581852026415e-01 -2.285265362460474e-01
2.523274122871754e+01 1.788858229659328e-01 -2.213289880965295e-01
2.535357171539406e+01 1.530265142896075e-01 -2.053358013472687e-01
2.547440220207058e+01 1.295619603986720e-01 -1.819621769826082e-01
2.559523268874710e+01 1.092783195892259e-01 -1.530123941425739e-01
2.571606317542361e+01 9.272586649101104e-02 -1.205659680371462e-01
2.583689366210013e+01 8.019345615225791e-02 -8.684801221189280e-02
2.595772414877665e+01 7.169912496986336e-02 -5.409336835875012e-02
2.607855463545317e+01 6.699701807369708e-02 -2.441369822436118e-02
2.619938512212968e+01 6.559978033210778e-02 3.243117717182634e-04
2.632021560880620e+01 6.681464196466740e-02 1.860280849121883e-02
2.644104609548272e+01 6.979068991483481e-02 2.933328143696397e-02
2.656187658215924e+01 7.357425163560112e-02 3.190981119608698e-02
2.668270706883575e+01 7.716894335532863e-02 2.623279915950495e-02
2.680353755551227e+01 7.959677052473950e-02 1.270273593786992e-02
2.692436804218879e+01 7.995672697500157e-02 -7.814587271521484e-03
2.704519852886531e+01 7.747761197426122e-02 -3.404836809966991e-02
2.716602901554182e+01 7.156223375874433e-02 -6.440428078075569e-02
2.728685950221834e+01 6.182073861240475e-02 -9.706210002510714e-02
2.740768998889486e+01 4.809144149899042e-02 -1.300840299086310e-01
2.752852047557138e+01 3.044820274123709e-02 -1.615281134595170e-01
2.764935096224789e+01 9.194087342697336e-03 -1.895608754708178e-01
2.777018144892441e+01 -1.515823155483853e-02 -2.125630388939916e-01
2.789101193560093e+01 -4.191810235272674e-02 -2.292219090372060e-01
2.801184242227745e+01 -7.025856395559493e-02 -2.386041632527557e-01
2.813267290895396e+01 -9.926534765225237e-02 -2.402036594006274e-01
2.825350339563048e+01 -1.279899531917812e-01 -2.339606572930069e-01
2.837433388230700e+01 -1.555032529795722e-01 -2.202514035101114e-01
2.849516436898352e+01 -1.809461258737627e-01 -1.998499242322770e-01
2.861599485566003e+01 -2.035740094660648e-01 -1.738664982761761e-01
2.873682534233655e+01 -2.227929198160676e-01 -1.436690931494727e-01
2.885765582901307e+01 -2.381853005511371e-01 -1.107947453103361e-01
2.897848631568959e+01 -2.495248940895788e-01 -7.685749939646479e-02
2.909931680236610e+01 -2.567805659071991e-01 -4.345842628577711e-02
2.922014728904262e+01 -2.601095981538956e-01 -1.210188524860832e-02
2.934097777571914e+01 -2.598413968551999e-01 1.587899833254396e-02
2.946180826239566e+01 -2.564528635744661e-01 3.938546066175828e-02
2.958263874907217e+01 -2.505369194326933e-01 5.760302834519036e-02
2.970346923574869e+01 -2.427658786539044e-01 7.003656681688224e-02
2.982429972242521e+01 -2.338515658802443e-01 7.652888892495008e-02
2.994513020910173e+01 -2.245042420176827e-01 7.726171252746092e-02
3.006596069577824e+01 -2.153925114201106e-01 7.273845002834098e-02
3.018679118245476e+01 -2.071063868617886e-01 6.374933214473401e-02
3.030762166913128e+01 -2.001255561320689e-01 5.132057399440456e-02
3.042845215580780e+01 -1.947946143988728e-01 3.665048598734476e-02
3.054928264248431e+01 -1.913066129015638e-01 2.103642629072067e-02
3.067011312916083e+01 -1.896957598408380e-01 5.797155369302615e-03
3.079094361583735e+01 -1.898395375957239e-01 -7.804570020449915e-03
3.091177410251387e+01 -1.914699185810435e-01 -1.863443162508580e-02
3.103260458919038e+01 -1.941928142403676e-01 -2.574973048479531e-02
3.115343507586690e+01 -1.975144161659514e-01 -2.844976914602941e-02
3.127426556254342e+01 -2.008727163356383e-01 -2.631085381438401e-02
3.139509604921994e+01 -2.036722474293645e-01 -1.920444162185211e-02
3.151592653589645e+01 -2.053199754405507e-01 -7.298104836278346e-03
3.163675702257297e+01 -2.052603030882887e-01 8.959947435502991e-03
3.175758750924949e+01 -2.030072876506107e-01 2.887116700941357e-02
3.187841799592601e+01 -1.981724136514555e-01 5.152953178609560e-02
3.199924848260252e+01 -1.904865578416351e-01 7.587435353634672e-02
3.212007896927908e+01 -1.798151133611053e-01 1.007502243344427e-01
3.224090945595563e+01 -1.661655844955630e-01 1.249712089378311e-01
3.236173994263218e+01 -1.496873183766796e-01 1.473862932925913e-01
3.248257042930874e+01 -1.306634099555123e-01 1.669429455829919e-01
3.260340091598529e+01 -1.094952074079579e-01 1.827454671715830e-01
3.272423140266184e+01 -8.668025397433493e-02 1.941047146541026e-01
3.284506188933840e+01 -6.278491023306053e-02 2.005759094724717e-01
3.296589237601495e+01 -3.841327169286193e-02 2.019817471249470e-01
3.308672286269150e+01 -1.417428275629647e-02 1.984189239857865e-01
3.320755334936806e+01 9.350897369280541e-03 1.902474523381489e-01
3.332838383604461e+01 3.163923082933150e-02 1.780635627491908e-01
3.344921432272116e+01 5.225197470243911e-02 1.626583674982000e-01
3.357004480939771e+01 7.085516021122708e-02 1.449655601275237e-01
3.369087529607427e+01 8.723328736615032e-02 1.260021089734381e-01
3.381170578275082e+01 1.012956411418402e-01 1.068061277352742e-01
3.393253626942737e+01 1.130751337595010e-01 8.837593337510938e-02
3.405336675610393e+01 1.227200370698911e-01 7.161385017668595e-02
3.417419724278048e+01 1.304793636558119e-01 5.727771764133713e-02
3.429502772945703e+01 1.366829734256844e-01 4.594240795227980e-02
3.441585821613359e+01 1.417177216071908e-01 3.797300745152039e-02
3.453668870281014e+01 1.460011251806758e-01 3.351067583239023e-02
3.465751918948669e+01 1.499541085998785e-01 3.247155525315539e-02
3.477834967616324e+01 1.539743953383338e-01 3.455844954142139e-02
3.489918016283980e+01 1.584120383105633e-01 3.928433801093886e-02
3.502001064951635e+01 1.635484305692689e-01 4.600615638261923e-02
3.514084113619290e+01 1.695799131381425e-01 5.396671034689057e-02
3.526167162286946e+01 1.766068100208292e-01 6.234213078448440e-02
3.538250210954601e+01 1.846283871850442e-01 7.029197370665956e-02
3.550333259622256e+01 1.935438727617961e-01 7.700894226682518e-02
3.562416308289912e+01 2.031593127769621e-01 8.176528002647009e-02
3.574499356957567e+01 2.131996946829542e-01 8.395315768537194e-02
3.586582405625222e+01 2.233254735138541e-01 8.311683712040208e-02
3.598665454292878e+01 2.331524036916067e-01 7.897501433170881e-02
3.610748502960533e+01 2.422734291629323e-01 7.143246248373403e-02
3.622831551628188e+01 2.502813237060019e-01 6.058084498245085e-02
3.634914600295843e+01 2.567908005785435e-01 4.668926596686704e-02
3.646997648963499e+01 2.614589154506970e-01 3.018569952626995e-02
3.659080697631154e+01 2.640027506808118e-01 1.163084222940635e-02
3.671163746298809e+01 2.642135707766178e-01 -8.313844800867706e-03
3.683246794966465e+01 2.619668576293798e-01 -2.892207188527663e-02
3.695329843634120e+01 2.572278540346772e-01 -4.944083892966288e-02
3.707412892301775e+01 2.500524564444609e-01 -6.912901759587012e-02
3.719495940969431e+01 2.405835010165698e-01 -8.729474945216086e-02
3.731578989637086e+01 2.290426833865233e-01 -1.033300532410070e-01
3.743662038304741e+01 2.157185452234925e-01 -1.167410597057714e-01
3.755745086972397e+01 2.009511491784396e-01 -1.271723434537907e-01
3.767828135640052e+01 1.851142418977508e-01 -1.344239529709118e-01
3.779911184307707e+01 1.685958595584789e-01 -1.384599999498661e-01
3.791994232975362e+01 1.517784446979183e-01 -1.394080796574232e-01
3.804077281643018e+01 1.350195992567277e-01 -1.375493407484538e-01
3.816160330310673e+01 1.186345830013154e-01 -1.332996554463539e-01
3.828243378978328e+01 1.028815728156251e-01 -1.271829847239132e-01
3.840326427645984e+01 8.795053031502677e-02 -1.197986073231351e-01
3.852409476313639e+01 7.395629556418966e-02 -1.117843178782177e-01
3.864492524981294e+01 6.093625290859180e-02 -1.037779551836827e-01
3.876575573648950e+01 4.885262397254580e-02 -9.637968358690294e-02
3.888658622316605e+01 3.759915561685580e-02 -9.011733117415589e-02
3.900741670984260e+01 2.701170731993354e-02 -8.541681745101375e-02
3.912824719651915e+01 1.688201916759893e-02 -8.257931762177981e-02
3.924907768319571e+01 6.973769984838301e-03 -8.176634762511482e-02
3.936990816987226e+01 -2.960077623022356e-03 -8.299344761805721e-02
3.949073865654881e+01 -1.315969900136488e-02 -8.613262118701732e-02
3.961156914322537e+01 -2.384163767446702e-02 -9.092317907708215e-02
3.973239962990192e+01 -3.518381428513245e-02 -9.699016256888301e-02
3.985323011657847e+01 -4.731315885565926e-02 -1.038691031108243e-01
3.997406060325503e+01 -6.029653905335319e-02 -1.110355294300578e-01
4.009489108993158e+01 -7.413544872187415e-02 -1.179373772167774e-01
4.021572157660813e+01 -8.876468771021592e-02 -1.240283043391705e-01
4.033655206328469e+01 -1.040550193782537e-01 -1.287998796244276e-01
4.045738254996124e+01 -1.198195509011406e-01 -1.318107056507448e-01
4.057821303663779e+01 -1.358233593261061e-01 -1.327107593637841e-01
4.069904352331434e+01 -1.517956987695447e-01 -1.312595813634337e-01
4.081987400999090e+01 -1.674439849557811e-01 -1.273373934708606e-01
4.094070449666745e+01 -1.824686726702610e-01 -1.209487372642146e-01
4.106153498334400e+01 -1.965781245034851e-01 -1.122187542496463e-01
4.118236547002056e+01 -2.095026140489300e-01 -1.013827175307228e-01
4.130319595669711e+01 -2.210067058002625e-01 -8.876982738268063e-02
4.142402644337366e+01 -2.308993947344176e-01 -7.478256633423636e-02
4.154485693005022e+01 -2.390415556081131e-01 -5.987306133202896e-02
4.166568741672677e+01 -2.453504298363754e-01 -4.451793041632523e-02
4.178651790340332e+01 -2.498010530939325e-01 -2.919302402188902e-02
4.190734839007987e+01 -2.524246896669498e-01 -1.434933882088214e-02
4.202817887675643e+01 -2.533044841493106e-01 -3.912155285121914e-04
4.214900936343298e+01 -2.525686646188910e-01 1.234224670262869e-02
4.226983985010953e+01 -2.503817332041697e-01 2.359180740205559e-02
4.239067033678609e+01 -2.469341598029674e-01 3.318816439996905e-02
4.251150082346264e+01 -2.424311520194492e-01 4.105711860019361e-02
4.263233131013919e+01 -2.370811076090756e-01 4.721965451081218e-02
4.275316179681575e+01 -2.310843626359816e-01 5.178699464670171e-02
4.287399228349230e+01 -2.246228269528069e-01 5.495092894079746e-02
4.299482277016885e+01 -2.178510472813870e-01 5.696996691770431e-02
4.311565325684541e+01 -2.108891577063078e-01 5.815209269663604e-02
4.323648374352196e+01 -2.038180707481377e-01 5.883510049035691e-02
4.335731423019851e+01 -1.966771347346398e-01 5.936563214804091e-02
4.347814471687506e+01 -1.894643423500391e-01 6.007811418624816e-02
4.359897520355162e+01 -1.821390297533911e-01 6.127479221917748e-02
4.371980569022817e+01 -1.746268647045667e-01 6.320798575050934e-02
4.384063617690472e+01 -1.668267944819062e-01 6.606554276600549e-02
4.396146666358128e+01 -1.586195176144633e-01 6.996027363069177e-02
4.408229715025783e+01 -1.498769634858035e-01 7.492390297159478e-02
4.420312763693438e+01 -1.404722146214652e-01 8.090581336853288e-02
4.432395812361094e+01 -1.302892898509593e-01 8.777658215365050e-02
4.444478861028749e+01 -1.192322225605279e-01 9.533604700459210e-02
4.456561909696404e+01 -1.072329153325203e-01 1.033253894292675e-01
4.468644958364060e+01 -9.425732748971610e-02 1.114425074741637e-01
4.480728007031715e+01 -8.030965143851433e-02 1.193597682634104e-01
4.492811055699370e+01 -6.543425229266296e-02 1.267430949891788e-01
4.504894104367025e+01 -4.971527717629591e-02 1.332712597008107e-01
4.516977153034681e+01 -3.327397898253571e-02 1.386542309386945e-01
4.529060201702336e+01 -1.626393636867879e-02 1.426494713456154e-01
4.541143250369991e+01 1.135521172128536e-03 1.450751992713492e-01
4.553226299037647e+01 1.872726600093372e-02 1.458198188343299e-01
4.565309347705302e+01 3.630520422482130e-02 1.448469758743622e-01
4.577392396372957e+01 5.366344033079874e-02 1.421959951128991e-01
4.589475445040613e+01 7.060521768263399e-02 1.379777717222307e-01
4.601558493708268e+01 8.695110574946630e-02 1.323664994337601e-01
4.613641542375923e+01 1.025459680177173e-01 1.255878887946939e-01
4.625724591043578e+01 1.172643369427672e-01 1.179047397708429e-01
4.637807639711234e+01 1.310139356664450e-01 1.096008676411489e-01
4.649890688378889e+01 1.437372109943219e-01 1.009644350385896e-01
4.661973737046544e+01 1.554108686990530e-01 9.227172032372084e-02
4.674056785714200e+01 1.660435219597479e-01 8.377226439120282e-02
4.686139834381855e+01 1.756716696376809e-01 7.567619942560071e-02
4.698222883049510e+01 1.843543079776542e-01 6.814438975047002e-02
4.710305931717166e+01 1.921665438982813e-01 6.128182114591768e-02
4.722388980384821e+01 1.991926185841031e-01 5.513447293795581e-02
4.734472029052476e+01 2.055187662275865e-01 4.968970659403874e-02
4.746555077720132e+01 2.112263251750849e-01 4.488001361477217e-02
4.758638126387787e+01 2.163854890101639e-01 4.058979135929104e-02
4.770721175055442e+01 2.210500356977448e-01 3.666466478404592e-02
4.782804223723097e+01 2.252533070381403e-01 3.292275121559080e-02
4.794887272390753e+01 2.290056322877045e-01 2.916717977056449e-02
4.806970321058408e+01 2.322933034338723e-01 2.519913105842065e-02
4.819053369726063e+01 2.350791201949486e-01 2.083065846940918e-02
4.831136418393719e+01 2.373044353794050e-01 1.589658916865998e-02
4.843219467061374e+01 2.388925505847715e-01 1.026487754496171e-02
4.855302515729029e+01 2.397532425713415e-01 3.844890263850046e-03
4.867385564396685e+01 2.397881453740253e-01 -3.406767918342995e-03
4.879468613064340e+01 2.388966746084806e-01 -1.148313420617854e-02
4.891551661731995e+01 2.369821596219491e-01 -2.032657141368280e-02
4.903634710399650e+01 2.339578461674239e-01 -2.983120794893557e-02
4.915717759067306e+01 2.297524462389202e-01 -3.984795257563367e-02
4.927800807734961e+01 2.243149410039043e-01 -5.019178337429368e-02
4.939883856402616e+01 2.176183853902203e-01 -6.065090908999649e-02
4.951966905070272e+01 2.096625166073589e-01 -7.099731863860886e-02
4.964049953737927e+01 2.004750314004502e-01 -8.099817146010360e-02
4.976133002405582e+01 1.901114657654157e-01 -9.042743860347228e-02
4.988216051073238e+01 1.786536836339791e-01 -9.907718395154169e-02
5.000299099740893e+01 1.662070547839062e-01 -1.067678800952222e-01
5.012382148408548e+01 1.528964736198410e-01 -1.133571879157826e-01
5.024465197076204e+01 1.388614357317182e-01 -1.187466962541733e-01
5.036548245743859e+01 1.242504442043286e-01 -1.228862194490973e-01
5.048631294411514e+01 1.092150584894628e-01 -1.257753839640852e-01
5.060714343079169e+01 9.390392172155473e-02 -1.274623945977357e-01
5.072797391746825e+01 7.845710512163356e-02 -1.280400455771665e-01
5.084880440414480e+01 6.300108950354412e-02 -1.276392187391835e-01
5.096963489082135e+01 4.764466451048491e-02 -1.264202751529488e-01
5.109046537749791e+01 3.247596848576814e-02 -1.245628837178615e-01
5.121129586417446e+01 1.756081981521532e-02 -1.222549288486352e-01
5.133212635085101e+01 2.942409340215764e-03 -1.196811917042516e-01
5.145295683752757e+01 -1.135766115626383e-02 -1.170125025591634e-01
5.157378732420412e+01 -2.533709145077347e-02 -1.143960174360168e-01
5.169461781088067e+01 -3.900951749520914e-02 -1.119471854378528e-01
5.181544829755723e+01 -5.240030072181542e-02 -1.097438525380536e-01
5.193627878423378e+01 -6.554174991481779e-02 -1.078228027819571e-01
5.205710927091033e+01 -7.846808040586264e-02 -1.061788794886393e-01
5.217793975758688e+01 -9.121042280643846e-02 -1.047666676179031e-01
5.229877024426344e+01 -1.037921817604400e-01 -1.035045639061327e-01
5.241960073093999e+01 -1.162250156665772e-01 -1.022809226541080e-01
5.254043121761654e+01 -1.285056633798122e-01 -1.009618499284884e-01
5.266126170429310e+01 -1.406137868000555e-01 -9.940013368448755e-02
5.278209219096965e+01 -1.525109328941516e-01 -9.744474641169257e-02
5.290292267764620e+01 -1.641406493906323e-01 -9.495034272898804e-02
5.302375316432276e+01 -1.754297195989453e-01 -9.178619690752907e-02
5.314458365099931e+01 -1.862904178457639e-01 -8.784408203310998e-02
5.326541413767586e+01 -1.966236317389584e-01 -8.304467837001790e-02
5.338624462435241e+01 -2.063226539643643e-01 -7.734220620087706e-02
5.350707511102897e+01 -2.152774167114482e-01 -7.072709915990878e-02
5.362790559770552e+01 -2.233789271124448e-01 -6.322665832827129e-02
5.374873608438207e+01 -2.305236621258977e-01 -5.490374593564645e-02
5.386956657105863e+01 -2.366176949220967e-01 -4.585368256887744e-02
5.399039705773518e+01 -2.415803500316724e-01 -3.619959761320326e-02
5.411122754441173e+01 -2.453472187584166e-01 -2.608654608457952e-02
5.423205803108829e+01 -2.478724068658868e-01 -1.567474542851052e-02
5.435288851776484e+01 -2.491299306149717e-01 -5.132304741703040e-03
5.447371900444139e+01 -2.491142224171637e-01 5.372180923355360e-03
5.459454949111795e+01 -2.478397516231666e-01 1.567681358321460e-02
5.471537997779450e+01 -2.453398076407435e-01 2.563302225009219e-02
5.483621046447105e+01 -2.416645303665418e-01 3.511134611671037e-02
5.495704095114760e+01 -2.368783057641012e-01 4.400612220793405e-02
5.507787143782416e+01 -2.310566714034704e-01 5.223888083443808e-02
5.519870192450071e+01 -2.242828970449232e-01 5.976031115566717e-02
5.531953241117726e+01 -2.166444181039304e-01 6.655072439668058e-02
5.544036289785382e+01 -2.082293043848248e-01 7.261901255010281e-02
5.556119338453037e+01 -1.991229423272328e-01 7.800017355499295e-02
5.568202387120692e+01 -1.894050960092957e-01 8.275154676428381e-02
5.580285435788348e+01 -1.791474905751856e-01 8.694797091963544e-02
5.592368484456003e+01 -1.684120324061033e-01 9.067613631968043e-02
5.604451533123658e+01 -1.572497445865428e-01 9.402844894461528e-02
5.616534581791313e+01 -1.457004558886730e-01 9.709675316981686e-02
5.628617630458969e+01 -1.337932388630769e-01 9.996626865652840e-02
5.640700679126624e+01 -1.215475501824124e-01 1.027100847765296e-01
5.652783727794279e+01 -1.089749866935164e-01 1.053845228119633e-01
5.664866776461935e+01 -9.608153612044305e-02 1.080256240053888e-01
5.676949825129590e+01 -8.287017414795783e-02 1.106469534978166e-01
5.689032873797245e+01 -6.934364137268934e-02 1.132388305248404e-01
5.701115922464901e+01 -5.550722544792364e-02 1.157690089173891e-01
5.713198971132556e+01 -4.137137614988754e-02 1.181847443477836e-01
5.725282019800211e+01 -2.695399388294733e-02 1.204161013288914e-01
5.737365068467867e+01 -1.228225449407792e-02 1.223802789536165e-01
5.749448117135522e+01 2.606136246849074e-03 1.239866744931729e-01
5.761531165803177e+01 1.766232848331314e-02 1.251423622131838e-01
5.773614214470832e+01 3.282638394637608e-02 1.257576440100306e-01
5.785697263138488e+01 4.802798937430006e-02 1.257513302754673e-01
5.797780311806143e+01 6.318777556063367e-02 1.250554337668465e-01
5.809863360473798e+01 7.821915412100715e-02 1.236190045076546e-01
5.821946409141454e+01 9.303055484366289e-02 1.214108965131644e-01
5.834029457809109e+01 1.075279256702740e-01 1.184213326077461e-01
5.846112506476764e+01 1.216173461290050e-01 1.146622158846685e-01
5.858195555144420e+01 1.352076038496472e-01 1.101662190588081e-01
5.870278603812075e+01 1.482125922984524e-01 1.049847598208651e-01
5.882361652479730e+01 1.605534050304503e-01 9.918503584094657e-02
5.894444701147386e+01 1.721600259345972e-01 9.284634311699425e-02
5.906527749815041e+01 1.829725440995144e-01 8.605593338270225e-02
5.918610798482696e+01 1.929418538106822e-01 7.890467947521269e-02
5.930693847150351e+01 2.020298325612789e-01 7.148281271022096e-02
5.942776895818007e+01 2.102090207538899e-01 6.387597550848718e-02
5.954859944485662e+01 2.174618542344931e-01 5.616179873498785e-02
5.966942993153317e+01 2.237795235699143e-01 4.840716988188359e-02
5.979026041820973e+01 2.291605511150537e-01 4.066630886807195e-02
5.991109090488628e+01 2.336091878922074e-01 3.297971616853665e-02
6.003192139156283e+01 2.371337369786058e-01 2.537400618931757e-02
6.015275187823939e+01 2.397449086584882e-01 1.786258979058236e-02
6.027358236491594e+01 2.414543055085580e-01 1.044712570107782e-02
6.039441285159249e+01 2.422731235404514e-01 3.119622905737990e-03
6.051524333826904e+01 2.422111393854160e-01 -4.134953824537550e-03
6.063607382494560e+01 2.412760342680459e-01 -1.133574437145358e-02
6.075690431162215e+01 2.394730842564072e-01 -1.850290090273694e-02
6.087773479829870e+01 2.368052241167648e-01 -2.565452670098490e-02
6.099856528497526e+01 2.332734701642314e-01 -3.280382379398963e-02
6.111939577165181e+01 2.288776668659731e-01 -3.995661194700121e-02
6.124022625832836e+01 2.236175036186973e-01 -4.710935872258757e-02
6.136105674500492e+01 2.174937329649075e-01 -5.424783078204327e-02
6.148188723168147e+01 2.105095102585526e-01 -6.134644177273992e-02
6.160271771835802e+01 2.026717679867713e-01 -6.836833359684513e-02
6.172354820503458e+01 1.939925359464898e-01 -7.526618732173404e-02
6.184437869171113e+01 1.844901213919200e-01 -8.198371932067729e-02
6.196520917838768e+01 1.741900710120092e-01 -8.845777935507450e-02
6.208603966506423e+01 1.631258488297326e-01 -9.462093220067587e-02
6.220687015174079e+01 1.513391802633903e-01 -1.004043750426219e-01
6.232770063841734e+01 1.388800318469062e-01 -1.057410210866337e-01
6.244853112509389e+01 1.258062174502340e-01 -1.105685673129218e-01
6.256936161177045e+01 1.121826440713445e-01 -1.148323623266065e-01
6.269019209844700e+01 9.808023206159888e-02 -1.184878995857714e-01
6.281102258512355e+01 8.357456462065725e-02 -1.215027819601405e-01
6.293185307180011e+01 6.874433822363629e-02 -1.238580347979505e-01
6.305268355847666e+01 5.366969813959956e-02 -1.255486847744577e-01
6.317351404515321e+01 3.843055043919984e-02 -1.265835682411944e-01
6.329434453182976e+01 2.310494329073330e-02 -1.269843823923103e-01
6.341517501850632e+01 7.767605742687027e-03 -1.267840417047013e-01
6.353600550518287e+01 -7.511278134284776e-03 -1.260244471119411e-01
6.365683599185942e+01 -2.266699721278631e-02 -1.247538128492501e-01
6.377766647853598e+01 -3.764090011862368e-02 -1.230237230947832e-01
6.389849696521253e+01 -5.238061945660118e-02 -1.208861055536054e-01
6.401932745188907e+01 -6.683993488988856e-02 -1.183903111438450e-01
6.414015793856555e+01 -8.097829884064113e-02 -1.155804781765880e-01
6.426098842524203e+01 -9.476006889286079e-02 -1.124933370855914e-01
6.438181891191851e+01 -1.081535079928788e-01 -1.091565798891386e-01
6.450264939859500e+01 -1.211296262592576e-01 -1.055878797714078e-01
6.462347988527148e+01 -1.336609459723007e-01 -1.017946034063740e-01
6.474431037194796e+01 -1.457202738179426e-01 -9.777421495081681e-02
6.486514085862444e+01 -1.572795617763976e-01 -9.351532890165035e-02
6.498597134530092e+01 -1.683089305693068e-01 -8.899933181420190e-02
6.510680183197741e+01 -1.787759179896384e-01 -8.420246230321149e-02
6.522763231865389e+01 -1.886449996341521e-01 -7.909821630846244e-02
6.534846280533037e+01 -1.978774125811187e-01 -7.365993117559219e-02
6.546929329200685e+01 -2.064312945146251e-01 -6.786339790236624e-02
6.559012377868333e+01 -2.142621327885588e-01 -6.168935553485638e-02
6.571095426535982e+01 -2.213235009638358e-01 -5.512573422527289e-02
6.583178475203630e+01 -2.275680453160756e-01 -4.816953251087396e-02
6.595261523871278e+01 -2.329486713873417e-01 -4.082823827998474e-02
6.607344572538926e+01 -2.374198713241599e-01 -3.312072986600215e-02
6.619427621206574e+01 -2.409391267680991e-01 -2.507762199255377e-02
6.631510669874223e+01 -2.434683195043247e-01 -1.674104929247456e-02
6.643593718541871e+01 -2.449750828109719e-01 -8.163906525486805e-03
6.655676767209519e+01 -2.454340302321737e-01 5.914115567387865e-04
6.667759815877167e+01 -2.448278049664614e-01 9.454707147106684e-03
6.679842864544815e+01 -2.431479018070784e-01 1.835003253836445e-02
6.691925913212464e+01 -2.403952241501916e-01 2.719800558950108e-02
6.704008961880112e+01 -2.365803505510782e-01 3.591828400140073e-02
6.716092010547760e+01 -2.317234982061965e-01 4.443208904266847e-02
6.728175059215408e+01 -2.258541841161908e-01 5.266466730738422e-02
6.740258107883056e+01 -2.190105980744272e-01 6.054758097135789e-02
6.752341156550705e+01 -2.112387145386640e-01 6.802072305465577e-02
6.764424205218353e+01 -2.025911823643532e-01 7.503396460926315e-02
6.776507253886001e+01 -1.931260417703467e-01 8.154835564624910e-02
6.788590302553649e+01 -1.829053262328634e-01 8.753682089752560e-02
6.800673351221297e+01 -1.719936127531720e-01 9.298431475576471e-02
6.812756399888946e+01 -1.604565866837136e-01 9.788742614622661e-02
6.824839448556594e+01 -1.483596867135333e-01 1.022534524447428e-01
6.836922497224242e+01 -1.357668915629286e-01 1.060989902965756e-01
6.849005545891890e+01 -1.227397024814694e-01 1.094481184904727e-01
6.861088594559538e+01 -1.093363650726723e-01 1.123302719871968e-01
6.873171643227187e+01 -9.561136079988904e-02 1.147779249711828e-01
6.885254691894835e+01 -8.161518348353959e-02 1.168242128474904e-01
6.897337740562483e+01 -6.739440006249554e-02 1.185006273489331e-01
6.909420789230131e+01 -5.299197884409226e-02 1.198349148209270e-01
6.921503837897779e+01 -3.844785341608694e-02 1.208492954136833e-01
6.933586886565428e+01 -2.379967729769672e-02 1.215591010620574e-01
6.945669935233076e+01 -9.083714099925611e-03 1.219719040742365e-01
6.957752983900724e+01 5.664198904708736e-03 1.220871776491951e-01
6.969836032568372e+01 2.040767892337617e-02 1.218964967913256e-01
6.981919081236020e+01 3.510888163750648e-02 1.213842551411909e-01
6.994002129903669e+01 4.972770034151226e-02 1.205288424351569e-01
7.006085178571317e+01 6.422113117718613e-02 1.193042007064054e-01
7.018168227238965e+01 7.854284420532331e-02 1.176816566775883e-01
7.030251275906613e+01 9.264298677506397e-02 1.156319143455923e-01
7.042334324574261e+01 1.064682312204220e-01 1.131270862456855e-01
7.054417373241910e+01 1.199620643050565e-01 1.101426444290397e-01
7.066500421909558e+01 1.330653020013753e-01 1.066591823146847e-01
7.078583470577206e+01 1.457168009872037e-01 1.026638952507662e-01
7.090666519244854e+01 1.578543283775091e-01 9.815170935094572e-02
7.102749567912502e+01 1.694155441843603e-01 9.312601315356332e-02
7.114832616580151e+01 1.803390470906604e-01 8.759897292776397e-02
7.126915665247799e+01 1.905654333709880e-01 8.159143809336007e-02
7.138998713915447e+01 2.000383210119824e-01 7.513246649476123e-02
7.151081762583095e+01 2.087052959001492e-01 6.825851876997101e-02
7.163164811250743e+01 2.165187438371057e-01 6.101238580400213e-02
7.175247859918392e+01 2.234365405011553e-01 5.344192273837887e-02
7.187330908586040e+01 2.294225806554306e-01 4.559866716569992e-02
7.199413957253688e+01 2.344471372801746e-01 3.753641831027817e-02
7.211497005921336e+01 2.384870503143365e-01 2.930984883290974e-02
7.223580054588984e+01 2.415257528559107e-01 2.097321225580937e-02
7.235663103256633e+01 2.435531496282527e-01 1.257919783859213e-02
7.247746151924281e+01 2.445653680245227e-01 4.177972010015009e-03
7.259829200591929e+01 2.445644059609217e-01 -4.183567931567316e-03
7.271912249259577e+01 2.435577030695067e-01 -1.246231541301291e-02
7.283995297927225e+01 2.415576624971941e-01 -2.061925156132785e-02
7.296078346594874e+01 2.385811498719190e-01 -2.861952891045439e-02
7.308161395262522e+01 2.346489940246444e-01 -3.643236283975178e-02
7.320244443930170e+01 2.297855110287139e-01 -4.403075952406499e-02
7.332327492597818e+01 2.240180692717871e-01 -5.139111493381003e-02
7.344410541265466e+01 2.173767088597848e-01 -5.849272308577377e-02
7.356493589933115e+01 2.098938239212969e-01 -6.531723330329411e-02
7.368576638600763e+01 2.016039115864836e-01 -7.184809575064320e-02
7.380659687268411e+01 1.925433867983617e-01 -7.807003207272370e-02
7.392742735936059e+01 1.827504579010917e-01 -8.396856377118721e-02
7.404825784603707e+01 1.722650543391275e-01 -8.952962522001350e-02
7.416908833271356e+01 1.611287949598121e-01 -9.473928127157503e-02
7.428991881939004e+01 1.493849834664771e-01 -9.958356159548705e-02
7.441074930606652e+01 1.370786165978802e-01 -1.040484156488752e-01
7.453157979274300e+01 1.242563906378687e-01 -1.081197839590381e-01
7.465241027941948e+01 1.109666928545249e-01 -1.117837736859218e-01
7.477324076609597e+01 9.725956634130636e-02 -1.150269196896303e-01
7.489407125277245e+01 8.318663934023578e-02 -1.178365069820748e-01
7.501490173944893e+01 6.880101327829993e-02 -1.202009268409424e-01
7.513573222612541e+01 5.415710721614445e-02 -1.221100372512370e-01
7.525656271280189e+01 3.931045994453322e-02 -1.235554988260652e-01
7.537739319947838e+01 2.431749431586403e-02 -1.245310599080927e-01
7.549822368615486e+01 9.235251325804043e-03 -1.250327689786436e-01
7.561905417283134e+01 -5.878896244236253e-03 -1.250590984729489e-01
7.573988465950782e+01 -2.096753931024083e-02 -1.246109711682179e-01
7.586071514618430e+01 -3.597352517165540e-02 -1.236916879417362e-01
7.598154563286079e+01 -5.084023579561806e-02 -1.223067633133523e-01
7.610237611953727e+01 -6.551184130323059e-02 -1.204636822211919e-01
7.622320660621375e+01 -7.993352025880120e-02 -1.181715974157088e-01
7.634403709289023e+01 -9.405164098924398e-02 -1.154409912753772e-01
7.646486757956671e+01 -1.078139012137822e-01 -1.122833284552188e-01
7.658569806624320e+01 -1.211694265147229e-01 -1.087107264316099e-01
7.670652855291968e+01 -1.340688313909277e-01 -1.047356697098933e-01
7.682735903959616e+01 -1.464642495788576e-01 -1.003707903646471e-01
7.694818952627264e+01 -1.583093427995523e-01 -9.562873295741349e-02
7.706902001294912e+01 -1.695592989301526e-01 -9.052211608678490e-02
7.718985049962561e+01 -1.801708316898560e-01 -8.506359629164507e-02
7.731068098630209e+01 -1.901021942092372e-01 -7.926603319165690e-02
7.743151147297857e+01 -1.993132183082903e-01 -7.314274803855987e-02
7.755234195965505e+01 -2.077653899815576e-01 -6.670786165504619e-02
7.767317244633153e+01 -2.154219695607310e-01 -5.997669238028276e-02
7.779400293300802e+01 -2.222481624134696e-01 -5.296619037305110e-02
7.791483341968450e+01 -2.282113429846642e-01 -4.569538161636739e-02
7.803566390636098e+01 -2.332813316518617e-01 -3.818579331664986e-02
7.815649439303746e+01 -2.374307204162343e-01 -3.046183212409794e-02
7.827732487971394e+01 -2.406352400504769e-01 -2.255108769209045e-02
7.839815536639043e+01 -2.428741581356112e-01 -1.448453647377955e-02
7.851898585306691e+01 -2.441306945899694e-01 -6.296624226050477e-03
7.863981633974339e+01 -2.443924389626782e-01 1.974789663361934e-03
7.876064682641987e+01 -2.436517520525228e-01 1.028863732480212e-02
7.888147731309635e+01 -2.419061334256892e-01 1.860100195817354e-02
7.900230779977284e+01 -2.391585362274316e-01 2.686562972838190e-02
7.912313828644932e+01 -2.354176113749697e-01 3.503458455717787e-02
7.924396877312580e+01 -2.306978648159444e-01 4.305902882333883e-02
7.936479925980228e+01 -2.250197140389943e-01 5.089010559577518e-02
7.948562974647876e+01 -2.184094333907791e-01 5.847989114964174e-02
7.960646023315525e+01 -2.108989819008343e-01 6.578238056240683e-02
7.972729071983173e+01 -2.025257121042858e-01 7.275446459488456e-02
7.984812120650821e+01 -1.933319635913750e-01 7.935685327284657e-02
7.996895169318469e+01 -1.833645504592071e-01 8.555490100034545e-02
8.008978217986117e+01 -1.726741572085354e-01 9.131928997157424e-02
8.021061266653766e+01 -1.613146625998327e-01 9.662653328227465e-02
8.033144315321414e+01 -1.493424152304872e-01 1.014592664711177e-01
8.045227363989062e+01 -1.368154878038756e-01 1.058063060294041e-01
8.057310412656710e+01 -1.237929389562973e-01 1.096624652614584e-01
8.069393461324358e+01 -1.103341118809032e-01 1.130281311021433e-01
8.081476509992007e+01 -9.649799772083599e-02 1.159086192701270e-01
8.093559558659655e+01 -8.234268878695734e-02 1.183133385098452e-01
8.105642607327303e+01 -6.792494219618929e-02 1.202548066708575e-01
8.117725655994951e+01 -5.329986874818260e-02 1.217475710640673e-01
8.129808704662599e+01 -3.852075508848972e-02 1.228070921357675e-01
8.141891753330248e+01 -2.363901985563997e-02 1.234486524470854e-01
8.153974801997896e+01 -8.704297039639097e-03 1.236863519476137e-01
8.166057850665544e+01 6.235367330583298e-03 1.235322456024434e-01
8.178140899333192e+01 2.113322534479694e-02 1.229956708920627e-01
8.190223948000840e+01 3.594346945864803e-02 1.220828011535063e-01
8.202306996668489e+01 5.062083560828040e-02 1.207964469933342e-01
8.214390045336137e+01 6.512019776040263e-02 1.191361130573676e-01
8.226473094003785e+01 7.939618442984986e-02 1.170983023389280e-01
8.238556142671433e+01 9.340284587876216e-02 1.146770459819237e-01
8.250639191339081e+01 1.070933972756988e-01 1.118646241254792e-01
8.262722240006730e+01 1.204200583072133e-01 1.086524335122368e-01
8.274805288674378e+01 1.333340039464327e-01 1.050319508889334e-01
8.286888337342026e+01 1.457854346914666e-01 1.009957379539992e-01
8.298971386009674e+01 1.577237680081288e-01 9.653843377310813e-02
8.311054434677322e+01 1.690979463503693e-01 9.165768395441469e-02
8.323137483344971e+01 1.798568513495840e-01 8.635496199358543e-02
8.335220532012619e+01 1.899498088561297e-01 8.063624643806283e-02
8.347303580680267e+01 1.993271656957038e-01 7.451252714863479e-02
8.359386629347915e+01 2.079409163913079e-01 6.800012418785494e-02
8.371469678015563e+01 2.157453567286383e-01 6.112081300654457e-02
8.383552726683212e+01 2.226977408558718e-01 5.390175899287539e-02
8.395635775350860e+01 2.287589194857989e-01 4.637527259462675e-02
8.407718824018508e+01 2.338939385366275e-01 3.857840279300556e-02
8.419801872686156e+01 2.380725800056976e-01 3.055239154043757e-02
8.431884921353804e+01 2.412698298073271e-01 2.234201488439061e-02
8.443967970021453e+01 2.434662605214046e-01 1.399483803217318e-02
8.456051018689101e+01 2.446483203168065e-01 5.560411815667526e-03
8.468134067356749e+01 2.448085225907368e-01 -2.910562805454273e-03
8.480217116024397e+01 2.439455339971096e-01 -1.136707709130447e-02
8.492300164692045e+01 2.420641614566347e-01 -1.975864055431430e-02
8.504383213359694e+01 2.391752414126994e-01 -2.803606963977389e-02
8.516466262027342e+01 2.352954370085241e-01 -3.615222017377597e-02
8.528549310694990e+01 2.304469510143236e-01 -4.406264680897947e-02
8.540632359362638e+01 2.246571642341761e-01 -5.172617477031165e-02
8.552715408030286e+01 2.179582107720681e-01 -5.910537130478759e-02
8.564798456697935e+01 2.103865029250876e-01 -6.616690648236509e-02
8.576881505365583e+01 2.019822195745138e-01 -7.288179550152783e-02
8.588964554033231e+01 1.927887727238918e-01 -7.922551753178983e-02
8.601047602700879e+01 1.828522672376614e-01 -8.517800944130312e-02
8.613130651368527e+01 1.722209688107546e-01 -9.072353651443991e-02
8.625213700036176e+01 1.609447946991015e-01 -9.585044638981405e-02
8.637296748703824e+01 1.490748407268656e-01 -1.005508167942744e-01
8.649379797371472e+01 1.366629565445759e-01 -1.048200119935668e-01
8.661462846039120e+01 1.237613790591418e-01 -1.086561669536649e-01
8.673545894706768e+01 1.104224314428177e-01 -1.120596217088801e-01
8.685628943374417e+01 9.669829224066064e-02 -1.150323310674058e-01
8.697711992042065e+01 8.264083595601325e-02 -1.175772762904700e-01
8.709795040709713e+01 6.830154325013599e-02 -1.196979055613464e-01
8.721878089377361e+01 5.373147571291025e-02 -1.213976288083262e-01
8.733961138045009e+01 3.898130722075430e-02 -1.226793897607410e-01
8.746044186712658e+01 2.410140136304741e-02 -1.235453341109890e-01
8.758127235380306e+01 9.141922436847699e-03 -1.239965875476532e-01
8.770210284047954e+01 -5.847033803376289e-03 -1.240331515269735e-01
8.782293332715602e+01 -2.081530402584742e-02 -1.236539183417505e-01
8.794376381383250e+01 -3.571253002169653e-02 -1.228568007444212e-01
8.806459430050899e+01 -5.048805348099106e-02 -1.216389655024085e-01
8.818542478718547e+01 -6.509084450058658e-02 -1.199971551930735e-01
8.830625527386195e+01 -7.946947333267472e-02 -1.179280786009613e-01
8.842708576053843e+01 -9.357213233908392e-02 -1.154288474877437e-01
8.854791624721491e+01 -1.073467123475065e-01 -1.124974363819802e-01
8.866874673389140e+01 -1.207409347905365e-01 -1.091331423812050e-01
8.878957722056788e+01 -1.337025383183784e-01 -1.053370236589610e-01
8.891040770724436e+01 -1.461795161630008e-01 -1.011122982102467e-01
8.903123819392084e+01 -1.581203985162122e-01 -9.646468805863030e-02
8.915206868059732e+01 -1.694745726489534e-01 -9.140269834602718e-02
8.927289916727381e+01 -1.801926324837576e-01 -8.593782507348009e-02
8.939372965395029e+01 -1.902267488338429e-01 -8.008468941450998e-02
8.951456014062677e+01 -1.995310514985189e-01 -7.386110018162934e-02
8.963539062730325e+01 -2.080620147809323e-01 -6.728804895831915e-02
8.975622111397973e+01 -2.157788386728134e-01 -6.038964446300642e-02
8.987705160065622e+01 -2.226438188212584e-01 -5.319299382861525e-02
8.999788208733270e+01 -2.286226993423722e-01 -4.572803869092762e-02
9.011871257400918e+01 -2.336850034721187e-01 -3.802735339209197e-02
9.023954306068566e+01 -2.378043378598492e-01 -3.012591139922346e-02
9.036037354736214e+01 -2.409586669530140e-01 -2.206082443630035e-02
9.048120403403863e+01 -2.431305543596936e-01 -1.387105708007023e-02
9.060203452071511e+01 -2.443073683065306e-01 -5.597117930149072e-03
9.072286500739159e+01 -2.444814483607819e-01 2.719272835689329e-03
9.084369549406807e+01 -2.436502305101476e-01 1.103554047110972e-02
9.096452598074455e+01 -2.418163275670180e-01 1.930863826579962e-02
9.108535646742104e+01 -2.389875617724800e-01 2.749545609742624e-02
9.120618695409752e+01 -2.351769465122890e-01 3.555325384547906e-02
9.132701744077400e+01 -2.304026143101603e-01 4.344011645857118e-02
9.144784792745048e+01 -2.246876888075612e-01 5.111542480928583e-02
9.156867841412696e+01 -2.180600993257318e-01 5.854033349689553e-02
9.168950890080345e+01 -2.105523378571275e-01 6.567824374080712e-02
9.181033938747993e+01 -2.022011599368041e-01 7.249525675412227e-02
9.193116987415641e+01 -1.930472327482563e-01 7.896059081604251e-02
9.205200036083289e+01 -1.831347359339075e-01 8.504694397603256e-02
9.217283084750937e+01 -1.725109227848329e-01 9.073078417741022e-02
9.229366133418586e+01 -1.612256516277697e-01 9.599254976407591e-02
9.241449182086234e+01 -1.493308991443655e-01 1.008167459123644e-01
9.253532230753882e+01 -1.368802688794830e-01 1.051919264739377e-01
9.265615279421530e+01 -1.239285091657062e-01 1.091105558633589e-01
9.277698328089178e+01 -1.105310549804824e-01 1.125687516923288e-01
9.289781376756827e+01 -9.674360777183960e-02 1.155659154537538e-01
9.301864425424475e+01 -8.262176600138900e-02 1.181042652290657e-01
9.313947474092123e+01 -6.822071708115197e-02 1.201882906299314e-01
9.326030522759771e+01 -5.359499860611316e-02 1.218241554954877e-01
9.338113571427419e+01 -3.879833344691992e-02 1.230190778053270e-01
9.350196620095068e+01 -2.388353955469239e-02 1.237807184875948e-01
9.362279668762716e+01 -8.902511465075057e-03 1.241166110798115e-01
9.374362717430364e+01 6.093733288180147e-03 1.240336624667415e-01
9.386445766098012e+01 2.105495308931135e-02 1.235377512623961e-01
9.398528814765660e+01 3.593153962821753e-02 1.226334450609575e-01
9.410611863433309e+01 5.067434907498417e-02 1.213238511232092e-01
9.422694912100957e+01 6.523452366905555e-02 1.196106075577418e-01
9.434777960768605e+01 7.956332073115456e-02 1.174940142232699e-01
9.446861009436253e+01 9.361196554726364e-02 1.149732949550534e-01
9.458944058103901e+01 1.073315431323102e-01 1.120469758069307e-01
9.471027106771550e+01 1.206729416694986e-01 1.087133582298407e-01
9.483110155439198e+01 1.335868575980841e-01 1.049710618014983e-01
9.495193204106846e+01 1.460238690779697e-01 1.008196084765973e-01
9.507276252774494e+01 1.579345810995135e-01 9.626001940277348e-02
9.519359301442142e+01 1.692698420362475e-01 9.129539607190179e-02
9.531442350109791e+01 1.799810281455564e-01 8.593145975877420e-02
9.543525398777439e+01 1.900203895676593e-01 8.017702655690594e-02
9.555608447445087e+01 1.993414488781343e-01 7.404439951077871e-02
9.567691496112735e+01 2.078994412920930e-01 6.754966399708470e-02
9.579774544780383e+01 2.156517842330816e-01 6.071287726702010e-02
9.591857593448032e+01 2.225585631601119e-01 5.355814761241903e-02
9.603940642115680e+01 2.285830202509484e-01 4.611360271314756e-02
9.616023690783328e+01 2.336920327030201e-01 3.841125019816074e-02
9.628106739450976e+01 2.378565679548641e-01 3.048673623454340e-02
9.640189788118624e+01 2.410521039670717e-01 2.237901006064996e-02
9.652272836786273e+01 2.432590037546802e-01 1.412990388766601e-02
9.664355885453921e+01 2.444628345691686e-01 5.783638648709689e-03
9.676438934121569e+01 2.446546234429420e-01 -2.613733154933968e-03
9.688521982789217e+01 2.438310422085306e-01 -1.101493560340091e-02
9.700605031456865e+01 2.419945165843102e-01 -1.937211590459001e-02
9.712688080124514e+01 2.391532554892391e-01 -2.763751591012847e-02
9.724771128792162e+01 2.353211984303651e-01 -3.576415417108198e-02
9.736854177459810e+01 2.305178806185285e-01 -4.370650295941159e-02
9.748937226127458e+01 2.247682174211641e-01 -5.142114350146307e-02
9.761020274795106e+01 2.181022118510106e-01 -5.886738162411041e-02
9.773103323462755e+01 2.105545909869647e-01 -6.600780531889062e-02
9.785186372130403e+01 2.021643794715993e-01 -7.280876562303175e-02
9.797269420798051e+01 1.929744204436713e-01 -7.924076292962394e-02
9.809352469465699e+01 1.830308563320833e-01 -8.527872256382439e-02
9.821435518133347e+01 1.723825837298629e-01 -9.090214631939143e-02
9.833518566800996e+01 1.610806979432759e-01 -9.609513066584717e-02
9.845601615468644e+01 1.491779436362697e-01 -1.008462474242651e-01
9.857684664136292e+01 1.367281881457803e-01 -1.051482886636593e-01
9.869767712803940e+01 1.237859334424555e-01 -1.089978840735257e-01
9.881850761471588e+01 1.104058813114815e-01 -1.123950057137166e-01
9.893933810139237e+01 9.664256414006255e-02 -1.153423813642923e-01
9.906016858806885e+01 8.255005079014559e-02 -1.178448432112720e-01
9.918099907474533e+01 6.818173353294144e-02 -1.199086428529105e-01
9.930182956142181e+01 5.359019810260311e-02 -1.215407662114379e-01
9.942266004809829e+01 3.882717480697410e-02 -1.227482826153790e-01
9.954349053477478e+01 2.394356455501349e-02 -1.235377609476089e-01
9.966432102145126e+01 8.989529870992852e-03 -1.239147823623049e-01
9.978515150812774e+01 -5.985362300611777e-03 -1.238835738476454e-01
9.990598199480422e+01 -2.093196173560011e-02 -1.234467801840767e-01

